Mytilus-californianus Mytilus-trossulus Pollicipes Semibalanus-cariosus Balanus-glandula Hallosaccion Mastocarpus Corallina-vancouvriensis Endocladia Ulva Porphyra Petrocelis-Ralfsia Acrosiphonia Diatoms Rock Fucus Microcladia Halichondria-Haliclona Hedophyllum Anthopleura Polysiphonia Iridea Chthamalus Leathesia Ugly-Clam Prionitis Callithamnion Phyllospadix Nucella-ostrina Nucella-canalicalata Lottia-pelta Lottia-digitalis Lottia-paradigitalis Lottia-scutum Onchidella-borealis Katharina-tunicata Mopalia Nemertea Littorina-sitkana Littorina-scutulata Strongylocentrotus-purpuratus Lepasterias-hexactis Amphipoda Amphissa-columbiana Idotea Cirolana Chironomidae Tonicella-lineata Calliostoma-ligatum Sipunculid Cucumaria Ocenebra-interfossa Notoplana Skinny-annelid Lepidochitona Archidoris-montereyensis Oedignathus Pinnotheres-pisum Staphylinid-Beetle Henricia site
1 1 1 1 0 0 1 1 1 0 0 1 0 0 1 0 1 0 0 0 0 0 0 0 0 0 0 0 0 1 1 1 1 1 0 1 0 0 0 0 0 0 0 0 0 0 0 0 0 0 0 0 0 0 0 0 0 0 0 0 MR1/Q8-1
1 0 1 1 1 0 0 1 1 0 0 1 0 1 1 0 1 1 0 1 0 1 0 0 0 0 0 0 0 1 1 1 1 0 1 1 0 1 0 0 1 1 0 1 0 0 0 1 0 0 0 0 0 0 0 0 0 0 0 0 MR1/Q8-1
1 1 1 1 1 0 0 1 0 0 0 0 0 1 0 0 0 0 0 1 0 0 1 0 0 0 0 0 0 1 1 1 1 0 1 0 0 1 1 0 0 0 0 1 0 0 0 0 0 0 1 0 0 0 0 0 0 0 0 0 MR1/Q8-1
1 0 1 1 0 0 0 1 0 0 0 1 0 0 1 0 0 0 0 1 0 1 0 0 0 0 0 0 1 1 1 1 1 0 1 1 0 1 1 1 1 1 0 1 0 0 0 0 0 0 1 0 0 1 0 0 0 0 0 0 MR1/Q8-1
1 0 1 1 0 0 1 1 0 1 1 1 0 0 1 0 1 0 0 0 1 1 0 0 0 0 0 0 1 1 1 1 1 0 1 0 0 1 1 0 1 1 0 1 0 0 1 0 0 0 1 0 0 0 0 0 0 0 0 0 MR1/Q8-1
1 0 1 1 1 1 0 1 0 0 1 1 0 0 1 0 1 0 0 0 1 1 0 0 0 0 0 0 0 1 1 1 1 1 0 1 0 0 0 0 1 1 1 0 0 0 1 0 0 0 0 0 0 0 1 0 0 0 0 0 MR1/Q8-1
1 0 1 1 0 0 0 1 1 0 0 1 0 0 1 0 0 0 0 0 0 0 0 0 0 0 0 0 1 1 1 1 1 1 0 0 0 0 0 0 0 1 1 1 0 1 0 0 0 0 1 0 1 0 0 0 0 0 0 0 MR1/Q8-1
1 0 1 1 1 0 0 1 0 0 0 1 0 0 1 0 0 0 0 0 0 1 1 0 0 0 1 0 1 1 1 1 1 1 0 0 0 0 0 0 0 0 0 0 0 0 0 0 0 0 0 1 0 0 0 0 0 0 0 0 MR1/Q8-1
1 0 1 1 1 0 0 1 0 0 0 0 0 0 1 0 0 0 0 0 0 1 1 0 0 0 0 0 0 1 1 1 1 0 0 0 0 0 1 0 0 1 0 0 0 0 0 0 0 0 0 0 0 0 0 0 0 0 0 0 MR1/Q8-1
1 0 1 1 1 0 0 0 0 0 0 0 0 0 0 0 0 0 0 0 0 0 0 0 0 0 0 0 0 1 1 1 1 1 1 0 0 1 1 0 1 0 0 1 0 0 0 0 1 0 0 0 0 0 0 0 0 0 0 0 MR1/Q8-1
1 0 1 1 1 0 0 0 0 0 0 0 0 0 0 0 0 0 0 0 0 0 1 0 0 0 0 0 0 1 1 1 1 0 1 0 0 0 0 0 0 0 0 1 0 0 0 0 0 0 1 1 0 0 0 0 1 0 0 0 MR1/Q8-1
1 0 1 1 1 0 0 0 0 0 0 0 0 0 0 0 0 0 0 1 0 0 1 0 0 0 0 1 0 1 1 1 1 1 0 0 0 0 1 0 0 0 0 1 0 1 1 0 0 0 1 0 0 0 1 0 0 0 0 0 MR1/Q8-1
1 0 1 1 1 1 0 0 1 0 0 0 0 0 0 0 0 0 0 1 0 0 1 0 0 0 0 0 1 1 1 1 1 0 1 0 0 0 0 0 0 0 0 1 0 0 1 0 0 0 0 1 0 0 1 0 0 0 1 0 MR1/Q8-1
1 0 1 1 1 0 0 1 1 0 0 0 0 0 1 0 0 0 0 0 0 0 1 0 0 0 0 0 1 1 1 1 1 1 0 0 0 0 0 0 0 1 1 0 0 0 1 0 0 0 1 1 0 0 0 0 0 0 0 0 MR1/Q8-1
1 0 1 1 1 0 0 0 1 0 0 0 0 0 0 0 0 0 0 0 0 0 1 0 0 0 1 0 1 1 1 1 1 1 0 0 0 0 0 0 0 0 0 0 0 1 1 0 0 0 1 0 0 0 0 0 0 0 0 0 MR1/Q8-1
1 0 1 1 1 0 0 0 1 0 0 0 0 0 0 0 0 0 0 1 0 0 1 0 0 0 0 0 1 1 1 1 1 1 1 0 0 0 0 0 0 1 0 0 0 1 1 0 0 0 1 0 0 0 1 0 0 0 1 0 MR1/Q8-1
1 0 1 1 1 1 1 1 0 0 1 1 1 0 1 0 1 0 0 0 0 1 0 0 0 0 0 0 1 1 0 0 1 1 1 1 1 1 0 0 1 0 1 0 1 0 1 0 0 0 0 0 0 0 0 0 0 0 0 0 MR1/Q8-1
1 1 1 1 0 0 1 1 0 0 0 1 1 0 1 0 0 0 1 1 0 1 0 0 0 0 1 0 0 1 1 1 1 1 1 1 0 1 0 0 1 0 1 0 0 0 0 0 0 0 1 0 0 0 0 1 0 0 1 0 MR1/Q8-1
1 0 1 1 1 0 1 1 1 0 0 1 1 1 1 0 1 0 1 0 1 1 1 1 0 0 1 1 0 1 1 1 1 1 1 1 0 1 1 0 1 0 0 0 0 0 1 0 0 0 1 0 0 0 0 0 0 0 0 1 MR1/Q8-1
NA NA NA NA NA NA NA NA NA NA NA NA NA NA NA NA NA NA NA NA NA NA NA NA NA NA NA NA NA NA NA NA NA NA NA NA NA NA NA NA NA NA NA NA NA NA NA NA NA NA NA NA NA NA NA NA NA NA NA NA NA
0 0 1 1 1 1 1 1 1 0 0 1 0 0 1 0 1 0 0 0 0 0 0 0 0 0 0 0 0 1 1 1 0 1 0 1 0 0 0 1 0 0 0 0 0 0 0 0 0 0 0 0 0 0 0 0 0 0 0 0 MR1/Q8-3
0 1 1 1 0 0 1 1 1 0 0 1 0 1 1 0 1 1 0 1 0 1 0 0 0 0 0 0 0 1 1 1 0 1 0 1 0 1 1 0 0 0 0 1 0 0 0 0 1 0 0 0 0 0 0 0 0 0 0 0 MR1/Q8-3
0 0 1 1 1 1 1 1 1 0 0 1 0 1 1 0 0 1 0 1 0 1 0 0 0 0 0 0 1 1 1 1 1 1 1 1 1 1 0 0 0 1 1 1 0 0 0 0 1 1 0 1 0 0 0 0 0 0 0 0 MR1/Q8-3
0 0 1 1 1 1 0 1 0 0 0 1 0 0 1 0 0 1 0 1 1 1 0 0 0 0 0 0 0 1 1 1 1 1 1 1 0 1 0 0 1 1 0 1 1 0 0 0 0 0 0 1 0 0 0 0 0 0 0 0 MR1/Q8-3
0 0 1 1 0 0 1 1 0 0 1 1 0 1 1 0 1 1 0 1 1 1 0 1 0 0 0 0 1 1 1 1 1 1 1 1 0 1 1 0 1 1 1 1 0 0 1 1 1 1 0 1 0 0 0 0 0 0 0 0 MR1/Q8-3
0 0 1 1 0 0 1 1 0 0 1 1 0 1 1 0 1 0 0 1 1 1 0 0 0 0 0 0 1 1 1 1 1 1 1 1 0 1 0 0 1 1 1 1 0 0 1 1 0 1 0 0 0 0 1 0 0 0 0 0 MR1/Q8-3
0 0 1 1 0 0 1 1 0 0 0 1 0 0 1 0 1 1 1 1 1 1 0 0 0 0 0 0 1 1 1 1 0 0 1 1 1 0 0 0 1 1 1 1 0 0 0 1 0 1 0 0 0 0 0 0 0 0 0 0 MR1/Q8-3
0 0 1 1 0 0 1 1 0 0 0 1 0 0 1 0 1 1 1 1 1 1 1 0 0 0 0 0 0 1 1 1 1 0 0 1 0 0 0 0 0 1 1 1 0 0 0 0 1 1 0 1 0 0 1 0 0 0 0 0 MR1/Q8-3
0 1 1 1 1 0 0 1 0 0 0 1 0 1 1 0 1 1 0 1 0 1 1 0 0 0 0 0 0 1 1 1 1 1 0 1 0 0 0 0 1 0 1 1 0 0 1 0 1 0 0 0 0 0 1 1 0 0 0 0 MR1/Q8-3
0 1 1 1 1 0 0 1 0 0 0 1 0 0 1 0 0 1 1 1 1 1 1 0 0 0 0 0 1 1 1 1 1 1 1 1 0 1 0 0 1 1 0 1 0 0 1 0 1 1 0 0 0 0 1 0 0 0 0 0 MR1/Q8-3
0 1 1 1 1 0 0 1 0 0 0 1 0 0 1 0 0 1 0 1 0 1 1 0 0 0 0 1 1 1 1 1 1 1 1 1 0 1 0 0 1 1 1 1 0 0 0 0 1 1 0 0 0 0 1 1 1 0 0 0 MR1/Q8-3
0 1 1 1 1 0 0 1 0 0 0 0 0 0 1 0 0 1 0 1 0 1 1 0 0 0 0 0 1 1 1 1 1 1 0 1 1 0 0 0 1 1 0 1 0 1 1 0 1 1 0 0 0 0 1 0 0 0 0 0 MR1/Q8-3
0 0 1 1 1 1 1 1 0 1 1 1 0 1 1 0 1 1 0 1 1 1 1 0 0 0 1 1 1 1 1 1 0 1 1 1 0 1 0 0 1 0 1 1 1 1 0 0 0 0 0 0 0 0 0 0 0 0 1 0 MR1/Q8-3
0 0 1 1 0 0 1 1 0 1 1 0 0 0 1 0 1 1 0 1 1 0 1 0 0 0 1 0 1 1 1 1 1 1 1 1 0 1 1 1 1 1 1 1 0 0 1 0 0 0 1 0 0 0 0 0 0 0 0 0 MR1/Q8-3
0 1 1 1 1 0 0 1 0 0 0 1 0 1 1 0 1 1 1 0 1 1 1 0 0 0 1 0 0 1 1 1 1 1 0 1 0 0 0 0 1 0 1 0 0 1 0 0 1 0 1 0 0 0 0 0 0 0 0 0 MR1/Q8-3
0 0 1 1 1 0 0 1 0 0 0 1 0 0 1 0 1 1 1 1 1 1 0 0 0 0 1 0 1 1 1 1 0 1 1 1 1 1 0 0 1 1 1 0 0 0 1 0 1 0 1 0 0 0 0 0 0 0 1 0 MR1/Q8-3
0 0 1 1 0 0 0 1 0 0 0 0 0 0 1 0 1 0 1 0 1 1 0 0 0 0 1 1 1 1 1 1 1 1 1 1 0 1 0 0 0 0 1 0 1 0 1 1 1 1 0 0 0 0 0 0 0 0 0 0 MR1/Q8-3
0 1 1 1 0 0 0 1 0 0 0 1 0 0 1 0 1 1 1 1 1 1 0 0 0 0 1 0 0 1 1 1 1 1 1 1 0 1 0 0 1 0 1 0 0 0 0 1 0 0 0 0 0 0 0 0 0 0 0 0 MR1/Q8-3
0 1 1 1 0 0 0 1 0 0 0 1 1 0 1 0 1 1 1 1 0 1 0 0 0 0 1 1 0 0 1 1 0 1 1 1 1 1 0 0 1 1 1 0 0 0 1 0 0 0 1 0 0 0 0 0 0 0 0 0 MR1/Q8-3
NA NA NA NA NA NA NA NA NA NA NA NA NA NA NA NA NA NA NA NA NA NA NA NA NA NA NA NA NA NA NA NA NA NA NA NA NA NA NA NA NA NA NA NA NA NA NA NA NA NA NA NA NA NA NA NA NA NA NA NA NA
1 0 0 1 0 1 1 1 1 0 0 0 0 0 0 1 1 0 0 0 0 0 0 0 0 0 0 0 0 0 1 1 1 0 0 1 0 0 0 0 0 0 0 0 0 0 0 0 0 0 0 0 0 0 0 0 0 0 0 0 MR2-1
1 0 0 1 0 0 0 1 0 0 0 0 0 0 0 0 0 1 0 1 0 0 0 0 0 0 0 0 0 0 1 1 1 0 0 0 0 0 1 0 0 0 0 0 0 0 0 0 0 0 0 0 0 0 0 0 0 0 0 0 MR2-1
1 0 1 1 0 0 0 0 1 0 0 0 0 0 0 0 0 0 0 1 0 0 0 0 0 0 0 0 1 0 1 1 1 0 1 0 0 0 0 0 1 0 0 0 0 0 0 0 0 0 1 0 0 0 0 0 0 0 0 0 MR2-1
1 0 1 1 1 1 1 1 0 0 1 1 0 0 1 0 0 0 0 0 0 1 0 0 0 0 0 0 1 0 1 1 1 1 1 1 0 1 0 0 0 1 1 0 0 0 0 0 0 0 0 0 0 1 0 0 0 0 0 0 MR2-1
1 1 1 1 1 1 1 1 1 1 1 1 0 0 1 0 1 0 0 0 1 1 0 0 0 0 0 0 1 1 1 1 1 0 1 0 0 1 1 0 0 0 0 0 1 0 1 0 0 0 0 0 0 0 1 0 0 0 0 0 MR2-1
1 1 1 1 1 0 1 1 1 0 0 1 0 0 1 0 1 0 0 0 1 1 0 0 0 0 0 0 1 1 1 1 1 0 0 1 0 0 1 0 0 0 0 0 0 1 0 0 0 0 0 0 0 0 1 0 0 0 0 0 MR2-1
1 0 1 1 0 0 0 1 1 0 0 1 0 0 1 0 0 1 0 0 1 1 0 0 0 0 0 0 1 0 1 1 1 1 1 1 0 1 0 0 0 1 1 0 0 1 0 0 0 0 0 0 0 0 0 0 0 0 0 0 MR2-1
1 0 1 1 1 0 0 1 1 0 0 0 0 0 1 0 0 0 0 0 1 0 1 0 0 0 0 0 1 0 1 1 1 0 0 0 0 1 0 0 0 0 0 0 0 0 0 0 0 0 0 0 0 0 0 0 0 0 0 0 MR2-1
1 0 1 1 0 0 0 0 0 0 0 0 0 0 1 0 0 0 0 0 0 0 0 0 0 0 0 0 1 0 1 1 1 1 0 0 0 0 0 0 0 0 0 0 0 0 0 0 0 0 0 0 0 0 0 0 0 0 0 0 MR2-1
1 0 1 1 1 0 0 0 1 0 0 0 0 0 1 0 0 0 0 0 0 0 0 0 0 0 0 0 0 0 1 1 1 0 1 0 0 0 0 0 0 0 0 1 0 0 0 0 0 0 0 0 0 0 0 0 0 0 0 0 MR2-1
1 0 1 1 1 0 0 0 1 0 0 0 0 0 0 0 0 0 0 0 0 0 0 0 0 0 0 0 0 0 1 1 1 1 1 0 0 0 0 0 0 1 0 0 0 0 1 0 0 0 1 0 0 0 0 0 0 0 0 0 MR2-1
1 0 1 1 0 0 0 0 0 0 0 0 0 0 0 0 0 0 0 0 0 0 0 0 0 0 0 0 0 0 1 1 1 0 0 0 0 0 0 0 0 0 0 0 0 0 1 0 0 0 0 0 0 0 0 0 0 0 0 0 MR2-1
1 0 1 1 0 0 0 0 1 0 0 0 0 0 0 0 0 0 0 0 0 0 0 0 0 0 0 0 1 0 1 1 1 0 1 0 0 0 0 0 0 0 0 0 0 0 0 0 0 0 0 0 0 0 0 0 0 0 1 0 MR2-1
1 0 1 1 1 1 1 0 0 0 1 1 0 0 1 0 0 0 0 0 0 1 0 0 0 0 0 0 1 0 0 1 1 1 1 0 0 1 0 0 1 0 0 0 0 0 1 0 0 0 0 0 0 0 1 0 0 0 0 0 MR2-1
1 1 1 1 1 1 1 1 0 0 1 0 0 0 1 0 1 0 0 0 1 1 0 0 0 0 1 0 1 1 1 1 1 0 0 0 0 0 0 0 0 0 0 0 0 1 1 0 0 0 1 0 0 0 0 0 0 0 1 0 MR2-1
1 1 1 1 1 1 0 1 0 0 1 1 0 0 1 0 0 0 0 1 0 1 0 0 0 0 0 0 1 0 1 1 1 0 0 0 0 1 0 0 0 1 0 0 0 0 0 0 0 0 1 0 0 0 0 0 0 0 1 0 MR2-1
1 1 1 1 0 1 0 1 1 0 0 1 0 0 0 0 1 0 0 0 1 1 0 0 0 0 1 0 1 0 1 1 1 0 1 0 0 1 1 0 0 0 1 0 0 0 0 0 0 0 0 0 0 0 1 0 0 0 1 0 MR2-1
1 1 1 1 0 0 0 1 1 0 0 0 0 0 1 1 0 1 0 0 1 1 0 0 0 0 1 0 0 0 1 1 1 0 1 0 0 1 0 0 0 1 0 0 0 1 0 1 0 0 1 0 0 0 0 0 0 0 1 0 MR2-1
1 0 1 1 0 0 1 1 1 0 0 0 0 0 1 0 0 1 0 0 1 0 0 0 0 0 0 1 1 0 1 1 1 0 1 0 0 1 0 0 0 1 0 0 0 0 1 0 0 0 0 0 0 0 0 0 0 0 0 0 MR2-1
NA NA NA NA NA NA NA NA NA NA NA NA NA NA NA NA NA NA NA NA NA NA NA NA NA NA NA NA NA NA NA NA NA NA NA NA NA NA NA NA NA NA NA NA NA NA NA NA NA NA NA NA NA NA NA NA NA NA NA NA NA
0 0 1 1 0 1 1 1 1 1 0 1 0 1 1 0 1 1 0 0 0 0 0 0 0 0 0 0 0 0 1 1 1 1 1 1 0 0 0 0 0 0 0 0 0 0 0 0 0 0 1 0 0 0 0 0 0 0 0 0 MR2-3
0 0 1 1 0 1 1 1 1 1 1 1 0 1 1 0 1 1 1 1 0 0 0 0 0 0 0 0 1 1 1 1 0 0 0 1 0 0 0 0 0 0 1 0 0 0 0 0 0 0 0 0 0 0 0 0 0 0 0 0 MR2-3
0 0 1 1 0 1 0 1 1 0 0 1 0 1 1 0 1 1 1 1 0 1 0 0 1 0 0 0 1 0 1 1 1 1 1 1 1 1 0 0 0 1 0 0 0 0 0 0 0 0 0 0 0 0 0 0 0 0 0 0 MR2-3
0 0 1 1 1 1 0 1 0 1 1 1 0 1 1 1 1 1 0 1 1 1 0 0 0 0 0 0 1 0 1 1 1 1 1 1 1 1 0 0 0 1 1 0 0 0 0 0 0 0 1 0 1 1 0 0 0 0 0 0 MR2-3
0 1 1 1 0 1 1 1 1 1 0 1 0 0 1 0 1 1 0 1 1 1 0 0 0 1 0 0 1 1 1 1 1 0 1 1 0 1 0 0 0 1 0 0 0 0 1 0 0 0 1 0 0 0 1 0 0 0 0 0 MR2-3
0 1 1 1 0 0 0 1 1 0 1 1 0 0 1 0 1 0 0 1 1 1 0 0 0 1 0 0 1 1 1 1 1 0 0 1 0 1 1 0 0 1 0 0 1 1 0 0 0 0 0 0 0 0 1 0 0 0 0 0 MR2-3
0 0 1 1 0 1 0 1 0 0 0 1 0 0 1 0 1 0 0 1 1 0 0 0 0 0 0 0 1 0 1 1 1 0 1 1 0 1 0 0 0 1 0 0 0 1 0 0 0 0 1 0 0 0 1 0 0 0 0 0 MR2-3
0 0 1 1 1 1 0 1 0 0 0 1 0 0 1 0 1 0 1 0 0 0 1 0 0 0 1 0 1 0 1 1 1 0 0 1 0 1 0 0 0 0 1 0 0 0 0 0 0 0 0 0 0 0 0 0 0 0 0 0 MR2-3
0 0 1 1 1 0 0 1 0 0 0 1 0 0 1 0 0 0 0 1 1 0 1 0 0 0 1 0 1 0 1 1 1 1 1 1 0 1 0 0 0 0 1 0 0 0 1 0 0 0 0 0 0 0 1 0 0 0 0 0 MR2-3
0 0 1 1 0 0 0 1 0 0 0 1 0 0 1 0 0 0 0 0 0 1 0 0 0 0 1 0 1 0 1 1 1 1 1 1 0 1 0 0 0 0 1 0 0 0 0 0 0 0 0 0 0 0 0 0 0 1 1 0 MR2-3
0 0 1 1 0 0 0 1 1 0 0 1 1 1 1 0 1 1 0 1 1 1 1 0 0 0 1 1 0 1 1 1 1 1 1 1 0 0 0 0 0 1 1 0 0 0 1 0 0 0 1 1 0 0 0 0 0 0 1 0 MR2-3
0 0 1 1 0 0 0 1 1 0 0 1 0 0 1 0 0 1 0 0 1 1 0 0 0 0 1 0 1 1 1 1 1 1 1 1 0 1 0 0 0 0 0 0 0 1 0 0 0 0 0 0 0 0 0 0 0 0 0 0 MR2-3
0 0 1 1 0 0 0 1 1 0 0 1 0 0 1 0 1 1 0 0 1 1 1 0 0 0 1 0 1 0 1 1 1 1 1 1 0 1 0 0 0 1 0 0 0 0 0 0 0 0 0 0 0 0 0 0 0 0 1 0 MR2-3
0 0 1 1 1 1 1 1 0 1 1 1 0 0 1 0 1 1 0 1 1 1 0 0 0 0 1 0 1 0 1 1 1 0 1 1 0 1 0 0 0 0 0 0 0 0 1 0 0 0 0 0 0 0 0 0 0 0 1 0 MR2-3
0 1 1 1 0 1 1 1 0 0 1 1 1 0 1 0 1 1 1 0 1 1 0 0 0 0 1 0 0 0 1 1 1 0 0 1 0 0 0 0 0 0 1 0 0 0 1 0 0 0 0 0 0 0 0 0 0 0 1 0 MR2-3
0 1 1 1 0 1 1 1 0 0 1 1 0 0 1 0 0 1 1 1 1 1 0 0 0 0 1 0 1 0 1 1 1 1 0 1 1 1 0 0 0 0 1 0 0 0 1 0 0 0 1 0 0 0 0 0 0 0 1 0 MR2-3
0 0 1 1 0 1 0 0 0 1 1 1 0 0 1 0 1 1 1 0 1 1 0 0 0 0 1 1 1 0 1 1 0 0 1 1 0 1 0 0 0 0 1 0 0 0 1 0 0 0 0 0 0 0 0 0 0 0 1 0 MR2-3
0 1 1 1 0 0 0 1 0 0 0 1 0 0 1 0 1 1 1 0 1 1 0 0 0 0 1 0 1 0 1 1 1 0 1 1 0 1 0 0 0 0 0 0 0 0 0 0 0 0 0 0 0 0 0 0 0 0 1 0 MR2-3
0 1 1 1 0 0 0 1 0 0 0 1 0 0 1 0 0 1 0 0 0 1 0 0 0 0 1 0 1 0 1 1 1 0 1 1 0 1 0 0 0 0 1 0 0 0 1 0 0 0 1 0 0 0 0 1 0 0 1 0 MR2-3
NA NA NA NA NA NA NA NA NA NA NA NA NA NA NA NA NA NA NA NA NA NA NA NA NA NA NA NA NA NA NA NA NA NA NA NA NA NA NA NA NA NA NA NA NA NA NA NA NA NA NA NA NA NA NA NA NA NA NA NA NA
1 0 0 1 1 1 0 1 1 1 0 0 0 0 1 0 1 0 0 1 0 0 0 0 0 0 0 0 0 1 1 1 1 0 0 1 0 0 0 0 0 1 0 0 0 0 0 0 0 0 0 0 0 0 0 0 0 0 0 0 MR3/Q6-1
1 0 0 1 1 0 0 1 1 1 0 1 0 0 1 0 1 1 0 1 0 0 0 0 0 0 0 0 1 0 1 1 1 1 1 1 1 0 0 0 0 1 0 0 0 0 0 0 0 0 0 0 0 0 0 0 0 0 0 0 MR3/Q6-1
1 0 0 1 0 0 0 0 0 0 0 0 0 0 1 0 0 0 0 0 0 0 0 0 0 0 0 0 1 1 1 1 1 1 0 0 0 0 1 0 0 0 0 0 0 0 0 0 0 0 0 0 0 0 0 0 0 0 0 0 MR3/Q6-1
1 0 0 1 1 0 0 1 1 0 0 1 0 0 1 0 0 0 0 1 0 0 0 0 0 0 0 0 1 1 1 1 1 1 1 0 0 1 1 0 0 0 0 1 1 0 0 0 0 0 1 0 0 0 0 0 0 0 0 0 MR3/Q6-1
1 0 1 1 1 0 0 1 0 1 1 1 0 0 1 0 1 0 0 1 1 0 1 0 0 0 0 0 1 1 1 1 1 0 1 0 0 1 1 1 0 0 1 0 0 0 1 0 0 0 1 1 0 1 0 0 0 0 0 0 MR3/Q6-1
1 0 0 1 0 1 1 1 0 1 1 1 0 0 1 0 1 0 0 0 1 1 0 0 0 0 0 0 1 1 1 1 1 0 0 0 0 1 1 0 0 0 1 0 1 1 1 0 0 0 0 0 0 0 0 0 0 0 0 0 MR3/Q6-1
1 0 1 1 0 0 0 1 1 0 0 1 0 0 1 1 0 0 0 0 1 0 0 0 0 0 0 0 1 1 1 1 1 0 1 0 0 0 0 0 0 0 1 0 0 1 0 0 0 0 1 0 0 0 0 0 0 0 0 0 MR3/Q6-1
1 0 1 1 1 0 1 1 1 0 0 1 0 0 1 0 0 0 0 0 0 0 1 0 0 0 0 0 1 1 1 1 1 1 1 0 0 0 0 1 0 0 0 0 0 0 0 0 0 0 1 0 0 0 0 0 0 0 0 0 MR3/Q6-1
1 0 0 1 1 1 0 1 1 0 0 0 0 0 1 1 0 1 0 0 1 1 1 0 0 0 0 0 1 0 1 1 1 1 0 0 0 1 0 0 0 0 0 0 0 0 0 0 0 0 1 0 0 0 0 0 0 0 0 0 MR3/Q6-1
1 0 0 1 1 1 1 1 1 0 1 1 0 0 1 0 1 0 0 0 0 1 0 0 0 0 0 0 1 0 1 1 1 1 1 0 0 1 0 1 0 0 0 0 0 0 1 0 0 0 1 0 1 0 0 0 0 0 1 0 MR3/Q6-1
1 0 1 1 1 1 1 1 1 1 1 1 0 0 1 0 1 1 0 0 0 1 0 0 0 0 1 0 1 0 1 1 1 1 1 0 0 0 0 0 0 0 1 0 0 1 1 0 0 0 1 0 0 0 1 0 0 0 1 0 MR3/Q6-1
1 0 1 1 1 0 1 1 1 1 1 1 0 0 1 0 1 1 0 0 1 1 0 0 0 0 1 0 1 0 1 1 1 1 1 0 0 0 0 1 0 1 1 0 1 0 0 0 0 0 1 1 0 0 0 0 0 0 1 0 MR3/Q6-1
1 0 1 1 0 1 0 1 1 0 0 1 0 0 1 0 1 0 0 0 1 0 0 0 0 0 1 0 1 0 1 1 1 1 1 1 0 1 1 0 0 0 1 0 0 1 0 0 0 0 0 0 0 0 1 0 0 0 1 0 MR3/Q6-1
1 0 1 1 1 1 0 1 1 0 0 0 0 0 1 0 0 0 0 0 0 0 0 0 0 0 0 0 1 0 1 1 1 0 0 0 0 0 1 0 0 0 0 0 0 0 1 0 0 0 0 0 0 0 0 0 0 0 1 0 MR3/Q6-1
1 0 1 1 1 0 0 0 1 1 0 0 0 0 0 0 0 1 1 1 0 0 1 0 0 0 0 0 1 1 1 1 1 1 1 0 0 1 0 0 1 1 1 0 0 0 0 0 0 0 1 0 0 0 0 0 0 0 1 0 MR3/Q6-1
1 0 1 0 0 0 0 0 1 0 0 0 0 0 0 0 0 0 0 0 0 0 0 0 0 0 0 0 1 0 1 1 1 1 0 0 0 0 0 0 0 0 1 0 0 0 1 0 0 0 1 1 0 0 1 0 0 0 1 0 MR3/Q6-1
1 0 0 1 0 0 0 0 1 0 0 0 0 0 0 0 0 0 0 1 0 0 0 0 0 0 0 0 0 0 1 1 1 0 0 0 0 0 0 0 0 0 1 0 0 0 0 0 0 0 0 0 0 0 0 0 0 0 0 0 MR3/Q6-1
1 0 0 1 1 0 0 0 1 0 0 0 0 0 0 0 0 0 0 0 0 0 0 0 0 0 0 0 1 0 1 1 1 1 1 0 0 1 0 0 0 0 0 0 0 0 0 0 0 0 1 0 0 0 0 0 0 0 1 0 MR3/Q6-1
1 0 1 1 1 1 0 0 1 0 0 0 0 0 0 0 0 0 0 1 0 0 1 0 0 0 0 0 1 1 1 1 1 1 0 0 0 0 1 1 0 1 1 0 0 0 0 0 0 0 1 0 0 0 0 0 0 0 0 0 MR3/Q6-1
NA NA NA NA NA NA NA NA NA NA NA NA NA NA NA NA NA NA NA NA NA NA NA NA NA NA NA NA NA NA NA NA NA NA NA NA NA NA NA NA NA NA NA NA NA NA NA NA NA NA NA NA NA NA NA NA NA NA NA NA NA
0 0 0 1 0 1 1 1 1 1 1 1 0 1 1 0 1 0 1 1 0 0 0 0 0 0 0 0 1 0 1 1 1 0 0 1 0 0 0 0 0 1 0 0 0 0 0 0 0 0 1 0 0 0 0 0 0 0 0 0 MR3/Q6-3
0 0 1 1 0 1 1 1 1 1 0 1 0 0 1 0 1 1 1 1 0 1 0 0 0 0 0 0 1 0 1 1 0 0 0 1 0 1 0 0 0 1 0 0 0 0 0 0 0 0 0 0 0 0 0 0 0 0 0 0 MR3/Q6-3
0 0 1 1 0 1 0 1 1 1 0 1 0 1 1 0 1 0 0 1 0 0 0 0 0 0 0 0 1 0 1 1 1 0 0 1 0 1 0 0 0 1 0 0 0 0 0 0 0 0 0 0 0 0 0 0 0 0 0 0 MR3/Q6-3
0 0 1 1 1 0 0 1 1 1 0 1 0 0 1 0 1 1 0 1 1 0 0 0 0 0 0 0 1 1 1 1 1 0 1 1 0 1 1 0 0 1 1 1 1 0 0 0 0 1 1 0 0 0 0 0 0 0 0 0 MR3/Q6-3
0 1 1 1 1 1 1 1 1 1 0 0 0 0 1 0 1 0 0 1 1 1 0 0 0 0 0 0 1 1 1 1 1 0 0 1 0 1 1 0 0 0 1 1 0 0 1 0 0 0 0 0 0 1 1 0 0 0 0 0 MR3/Q6-3
0 1 1 1 0 1 0 1 1 0 1 1 0 1 1 0 1 0 0 1 1 1 0 0 1 0 0 0 1 1 1 1 1 1 1 0 0 1 1 0 0 1 1 0 0 1 0 0 0 0 0 0 0 0 1 0 0 0 0 0 MR3/Q6-3
0 0 1 1 0 1 0 1 0 0 1 1 0 0 1 0 1 0 0 1 1 1 0 0 1 0 0 0 1 1 1 1 1 0 1 1 0 1 1 0 0 1 1 0 0 1 0 0 0 1 0 0 0 0 1 0 0 0 0 0 MR3/Q6-3
0 1 1 1 1 1 1 1 1 0 0 1 1 0 1 0 1 0 0 1 1 1 1 0 0 0 0 0 1 1 1 1 1 1 1 1 0 1 1 0 0 1 1 0 0 1 0 0 0 1 1 1 0 0 1 0 0 0 0 0 MR3/Q6-3
0 1 1 1 1 1 1 1 1 0 0 1 0 1 1 1 1 0 0 1 1 0 1 0 0 0 0 0 1 1 1 1 1 1 1 1 1 0 0 1 0 1 0 0 0 0 1 0 0 0 0 0 0 0 1 1 0 0 0 0 MR3/Q6-3
0 1 1 1 1 1 1 1 1 0 1 1 0 0 1 1 1 0 0 1 1 1 1 0 0 0 1 0 1 0 1 1 1 1 1 0 0 1 0 0 0 0 1 0 0 1 1 0 0 0 0 0 0 0 0 0 0 0 1 0 MR3/Q6-3
0 1 1 1 1 1 0 1 1 1 0 1 0 0 1 0 1 1 0 1 1 1 1 0 0 0 1 0 1 0 1 1 1 1 1 1 0 1 1 0 0 0 1 0 0 1 0 0 0 0 1 0 0 0 1 0 0 0 1 0 MR3/Q6-3
0 1 1 1 0 1 1 1 1 1 0 1 0 0 1 0 1 1 0 1 1 1 0 0 0 1 1 0 1 1 1 1 1 1 1 1 0 1 0 0 0 0 1 0 0 1 0 0 0 1 0 0 1 0 0 0 0 0 1 0 MR3/Q6-3
0 1 1 1 0 1 1 1 1 1 1 1 0 0 1 0 1 1 0 0 1 1 0 0 0 0 1 0 1 0 1 1 1 0 1 1 0 1 0 0 0 1 1 1 0 1 0 0 0 0 0 0 0 0 0 0 0 0 1 0 MR3/Q6-3
0 0 1 1 0 1 1 1 1 1 1 1 0 0 1 0 1 1 0 0 1 1 0 0 0 0 1 0 1 0 1 1 1 1 1 1 0 0 1 0 0 0 1 0 0 0 1 0 0 0 0 0 0 0 1 0 0 0 1 0 MR3/Q6-3
0 1 1 1 1 1 1 1 1 1 1 1 0 0 1 0 1 1 0 1 1 1 1 0 0 0 1 0 1 1 1 1 1 1 1 1 1 1 1 0 0 1 1 0 0 0 0 0 0 0 0 0 0 0 0 0 0 0 0 0 MR3/Q6-3
0 1 1 1 0 1 0 1 1 0 0 1 0 0 1 1 1 1 1 1 1 1 0 1 0 0 1 0 1 0 1 1 1 1 1 0 0 1 0 0 0 0 1 0 0 0 0 0 0 0 1 0 0 0 0 0 0 0 1 0 MR3/Q6-3
0 0 1 1 0 1 1 1 1 1 1 1 0 1 1 0 1 1 1 1 1 1 0 0 0 0 1 0 1 0 1 1 1 1 0 1 0 0 0 0 0 0 0 0 0 0 1 0 0 0 0 0 0 0 0 0 0 0 0 0 MR3/Q6-3
0 0 1 1 0 1 0 1 1 0 1 1 0 0 1 0 1 1 1 1 1 1 0 0 0 0 1 0 0 1 1 1 1 0 1 1 0 1 0 0 0 0 0 0 0 0 0 0 0 0 1 0 0 1 0 0 0 0 1 0 MR3/Q6-3
0 0 1 1 0 0 1 1 1 0 0 1 0 0 1 0 1 1 0 1 1 1 0 1 0 0 1 1 1 0 1 1 1 1 1 1 0 1 0 0 0 0 0 0 0 0 1 0 0 0 1 0 0 0 0 1 0 0 1 0 MR3/Q6-3
NA NA NA NA NA NA NA NA NA NA NA NA NA NA NA NA NA NA NA NA NA NA NA NA NA NA NA NA NA NA NA NA NA NA NA NA NA NA NA NA NA NA NA NA NA NA NA NA NA NA NA NA NA NA NA NA NA NA NA NA NA
1 1 0 1 1 1 1 1 1 1 1 1 0 1 1 0 1 0 0 0 0 0 0 0 0 0 0 0 1 0 1 1 1 0 1 1 0 0 0 0 0 0 0 0 0 0 1 0 0 0 0 0 0 0 0 0 0 0 0 0 MR4/Q5-1
1 0 1 1 1 1 1 1 1 1 1 1 0 1 1 1 1 0 0 0 0 0 0 0 0 0 0 0 1 0 1 1 1 0 0 1 1 0 1 0 0 1 0 0 0 0 0 0 0 0 0 0 0 0 0 0 0 0 0 0 MR4/Q5-1
1 0 0 1 0 1 1 1 1 1 0 1 0 1 1 1 0 1 0 0 0 0 1 0 0 0 0 0 1 0 1 1 1 0 0 0 0 0 0 0 0 0 0 0 0 0 0 0 0 0 0 0 0 0 0 0 0 0 0 0 MR4/Q5-1
1 0 0 1 1 0 0 1 1 0 1 1 0 0 1 1 1 1 0 1 1 0 0 0 0 0 0 0 1 1 1 1 1 0 1 0 0 1 1 0 0 1 0 0 0 0 0 0 0 0 0 0 1 0 1 0 0 0 0 0 MR4/Q5-1
1 0 1 1 1 0 1 0 1 0 0 0 0 0 0 0 0 0 0 1 1 0 1 0 0 0 0 0 1 1 1 1 1 0 0 0 0 1 1 0 0 0 1 0 0 0 1 0 0 0 1 0 0 0 0 0 0 0 0 0 MR4/Q5-1
1 0 1 1 1 0 0 1 0 0 0 0 0 0 1 0 0 0 0 0 1 0 0 0 0 0 0 0 1 1 1 1 1 0 0 0 0 0 1 0 0 0 0 0 0 0 0 0 0 0 0 0 0 0 0 0 0 0 0 0 MR4/Q5-1
1 0 1 1 0 0 0 1 0 0 0 0 0 0 0 0 0 0 0 0 0 0 0 0 0 0 0 0 1 1 1 1 1 0 1 0 0 0 1 0 0 0 1 0 0 0 0 0 0 0 1 0 0 0 0 0 0 0 0 0 MR4/Q5-1
1 0 1 1 1 0 0 0 1 0 0 0 0 0 0 0 0 0 0 0 0 0 0 0 0 0 0 0 1 1 1 1 1 0 0 0 0 1 0 0 0 0 0 0 0 0 0 0 1 0 1 0 0 0 0 0 0 0 0 0 MR4/Q5-1
1 0 1 1 0 0 0 0 0 0 0 0 0 0 0 0 0 0 0 0 0 0 0 0 0 0 0 0 1 0 1 1 1 0 0 0 0 0 0 0 0 1 0 0 0 0 0 0 0 0 1 1 0 0 0 0 0 0 0 0 MR4/Q5-1
1 0 1 1 1 0 0 0 1 0 0 0 0 0 0 0 0 0 0 1 0 0 0 0 0 0 0 0 1 0 1 1 1 1 1 0 0 1 0 0 0 0 1 0 0 0 1 0 0 0 0 0 1 0 0 1 0 0 0 0 MR4/Q5-1
1 0 1 1 1 1 1 1 1 1 0 1 0 0 1 0 0 0 0 0 0 0 0 0 0 0 1 0 1 0 1 1 1 1 1 0 0 1 0 0 0 0 1 0 0 0 0 0 0 0 0 0 1 0 0 0 0 0 1 0 MR4/Q5-1
1 0 1 1 1 1 1 1 0 0 0 1 0 0 1 0 1 0 0 0 0 0 1 0 0 0 0 0 1 0 1 1 1 0 0 0 0 1 0 0 0 0 1 0 0 1 1 0 0 0 0 0 1 0 0 0 0 0 0 0 MR4/Q5-1
1 0 1 1 0 1 0 1 1 0 0 0 0 0 1 0 1 0 0 0 1 0 0 0 0 0 0 0 1 1 1 1 1 0 1 0 0 1 0 0 0 0 1 0 0 0 0 0 0 0 0 0 0 1 1 0 0 0 1 0 MR4/Q5-1
1 0 1 1 1 1 1 1 1 0 1 0 0 0 1 0 1 0 0 0 0 0 0 0 0 0 0 0 1 0 1 1 1 0 0 0 0 1 0 0 0 1 1 0 0 0 0 0 0 0 0 0 0 0 0 0 0 0 1 0 MR4/Q5-1
1 1 1 1 1 1 1 1 1 1 1 1 1 0 1 0 1 0 0 1 1 1 0 0 0 0 0 0 1 0 1 1 1 0 1 1 0 1 1 0 0 1 1 0 0 1 1 0 0 0 1 0 0 0 1 0 0 0 0 0 MR4/Q5-1
1 0 1 1 0 1 1 1 1 1 1 1 1 0 1 0 1 1 0 0 1 1 0 0 0 0 1 0 1 0 1 1 1 0 0 1 0 0 0 0 0 1 1 0 0 0 1 0 0 0 1 0 0 0 0 0 0 0 1 0 MR4/Q5-1
1 0 1 1 0 1 0 1 1 0 1 1 0 0 1 1 1 0 0 0 0 1 0 0 0 0 1 0 1 0 1 1 1 0 0 0 0 0 0 0 0 0 0 0 0 0 1 0 0 0 0 0 0 0 0 0 0 0 0 0 MR4/Q5-1
1 1 1 1 1 0 0 1 1 0 0 1 0 0 0 0 0 1 0 0 1 0 1 0 0 0 0 0 1 0 1 1 1 1 0 0 1 0 0 0 0 0 0 0 0 0 1 0 0 0 1 0 0 0 0 0 0 0 1 0 MR4/Q5-1
1 0 1 1 1 0 0 1 1 0 0 0 0 0 1 0 0 0 0 1 0 0 1 0 0 0 0 0 1 0 1 1 1 1 1 0 0 1 0 0 0 1 1 0 0 0 0 0 0 0 1 0 0 0 0 0 0 0 1 0 MR4/Q5-1
NA NA NA NA NA NA NA NA NA NA NA NA NA NA NA NA NA NA NA NA NA NA NA NA NA NA NA NA NA NA NA NA NA NA NA NA NA NA NA NA NA NA NA NA NA NA NA NA NA NA NA NA NA NA NA NA NA NA NA NA NA
0 1 0 1 1 1 1 1 1 1 1 1 0 1 1 0 1 0 0 0 0 0 0 0 0 0 0 0 1 1 1 1 1 0 1 1 0 0 0 1 0 0 0 0 0 0 0 0 0 0 0 0 0 0 0 0 0 0 0 0 MR4/Q5-3
0 1 1 1 1 1 1 1 1 1 0 1 0 1 1 0 1 0 0 0 0 0 0 0 0 0 0 0 1 0 1 1 1 0 0 1 0 0 0 0 0 1 0 0 0 0 0 0 0 0 0 0 0 0 0 0 0 0 0 0 MR4/Q5-3
0 1 1 1 0 1 1 1 1 0 0 1 0 1 1 0 1 1 0 1 0 1 1 0 0 0 0 0 1 0 1 1 1 0 0 1 0 0 0 0 0 1 0 0 0 0 0 0 0 0 0 0 0 0 0 0 0 0 0 0 MR4/Q5-3
0 0 0 1 1 1 0 1 1 1 1 1 0 1 1 0 1 1 0 0 1 0 1 0 0 0 0 0 1 0 1 1 1 0 1 1 0 1 1 1 0 1 1 0 0 0 0 0 0 0 0 0 0 0 1 0 0 0 0 0 MR4/Q5-3
0 1 1 1 1 1 0 1 1 1 1 1 1 1 1 0 1 1 0 1 1 1 0 1 0 0 0 0 1 1 1 1 1 0 0 1 0 1 1 0 0 1 1 1 0 0 1 0 0 0 0 0 0 1 1 0 0 0 0 0 MR4/Q5-3
0 1 1 1 0 1 0 1 0 1 1 1 0 1 1 0 1 0 0 1 1 1 0 1 0 0 0 0 1 1 1 1 1 0 0 1 0 0 1 0 0 1 0 0 0 0 1 0 0 0 1 0 0 0 0 0 0 0 0 0 MR4/Q5-3
0 1 1 1 1 1 0 1 0 0 0 1 0 0 1 0 1 1 0 0 1 1 1 0 0 0 0 0 1 1 1 1 1 1 1 1 0 1 1 0 0 0 1 0 0 1 0 0 0 0 1 0 0 1 1 0 0 0 0 0 MR4/Q5-3
0 1 1 1 0 1 0 1 0 1 0 1 0 0 1 1 1 1 0 0 1 1 0 0 0 0 0 0 1 1 1 1 1 0 1 1 0 1 1 1 0 1 1 0 0 0 1 0 0 0 1 0 1 0 0 0 0 0 0 0 MR4/Q5-3
0 1 1 1 0 1 0 1 1 0 0 1 0 0 1 0 1 1 0 1 1 1 1 0 0 0 1 0 1 0 1 1 1 1 0 1 0 1 0 0 0 1 1 0 0 0 1 0 0 0 1 0 0 0 0 1 0 0 0 0 MR4/Q5-3
0 1 1 1 1 0 0 1 1 0 0 1 0 1 1 0 1 1 0 1 1 1 0 0 0 0 1 1 1 1 1 1 1 1 1 1 0 1 0 0 0 0 1 0 0 0 1 0 0 0 1 0 1 0 0 0 0 0 0 0 MR4/Q5-3
0 0 1 1 1 1 0 1 0 0 0 0 0 0 1 0 1 1 0 0 0 1 0 0 0 0 1 0 1 0 1 1 1 1 1 1 0 1 0 0 0 0 1 0 0 1 0 0 0 0 1 0 0 0 0 0 0 0 1 0 MR4/Q5-3
0 0 1 1 0 0 0 1 0 0 0 0 0 0 1 0 1 1 0 0 1 1 0 0 0 0 1 0 1 1 1 1 0 1 0 1 0 0 0 0 0 0 1 0 0 0 0 0 0 0 0 0 0 0 1 0 0 0 0 0 MR4/Q5-3
0 0 1 1 0 1 0 1 1 0 1 1 0 0 1 0 1 1 0 0 1 1 0 0 0 0 1 0 1 1 1 1 0 0 1 1 0 1 1 0 0 0 1 0 0 0 0 0 0 0 0 0 0 0 1 0 0 0 1 0 MR4/Q5-3
0 0 1 1 0 1 0 1 0 1 1 1 0 0 1 0 1 1 0 0 1 1 0 0 0 0 0 1 1 0 0 1 0 0 1 1 0 1 0 1 0 1 1 0 0 0 1 0 0 0 1 0 0 0 0 0 0 0 1 0 MR4/Q5-3
0 1 1 1 0 1 0 1 0 0 1 1 1 0 1 0 1 1 0 1 1 1 0 0 0 0 1 0 1 0 1 1 0 0 0 1 0 0 0 0 0 0 1 0 0 1 1 0 0 0 1 0 1 0 1 0 0 0 0 0 MR4/Q5-3
0 0 1 1 0 1 0 1 0 0 1 1 0 0 1 0 1 1 0 1 1 1 0 0 1 0 1 1 1 0 1 1 1 0 0 0 0 0 1 0 0 1 1 0 0 1 1 0 0 0 1 0 0 0 1 0 0 0 1 0 MR4/Q5-3
0 0 1 1 0 1 1 1 0 1 1 1 0 0 1 0 1 0 0 0 1 1 0 0 0 0 1 0 0 0 0 1 1 1 0 1 0 1 1 0 0 0 0 0 0 0 1 0 0 0 0 0 0 0 0 0 0 0 0 0 MR4/Q5-3
0 1 1 1 0 1 0 1 0 0 0 0 0 0 1 0 1 1 0 0 1 1 0 0 0 0 1 0 1 0 0 1 1 0 1 1 0 0 0 0 0 0 1 0 1 0 1 0 0 0 1 0 0 0 0 0 0 0 0 0 MR4/Q5-3
0 0 1 1 0 1 1 1 0 0 1 1 0 0 0 0 1 1 0 1 0 1 0 0 0 0 1 1 1 0 1 1 1 0 1 1 0 1 0 0 0 0 0 0 0 0 1 0 0 0 1 0 0 1 0 1 0 0 1 0 MR4/Q5-3
NA NA NA NA NA NA NA NA NA NA NA NA NA NA NA NA NA NA NA NA NA NA NA NA NA NA NA NA NA NA NA NA NA NA NA NA NA NA NA NA NA NA NA NA NA NA NA NA NA NA NA NA NA NA NA NA NA NA NA NA NA
0 1 1 1 1 1 1 1 1 1 1 1 0 1 1 0 1 0 0 0 0 0 0 0 0 0 0 0 1 1 1 1 1 1 0 1 0 1 0 0 0 1 0 0 0 0 0 0 0 0 0 0 0 0 0 0 0 0 0 0 MR5/Q4-1
1 1 1 1 1 1 1 1 0 0 0 1 0 1 1 0 1 0 0 0 0 0 0 0 0 0 0 0 1 0 1 1 1 1 0 1 0 0 0 0 0 1 0 0 0 0 0 0 0 0 0 0 0 0 0 0 0 0 0 0 MR5/Q4-1
1 1 1 1 1 0 0 1 1 0 0 1 0 1 1 0 1 1 0 1 0 0 0 0 0 0 0 0 1 1 1 1 1 1 0 1 0 0 1 0 0 1 0 0 0 0 0 0 0 0 0 0 0 0 0 1 0 0 0 0 MR5/Q4-1
1 0 1 1 1 0 0 1 0 0 0 0 0 0 1 0 1 1 0 1 1 0 0 0 0 0 0 0 0 1 1 1 1 1 1 0 0 1 1 0 0 1 0 0 0 0 0 0 0 0 1 0 0 0 0 0 0 0 0 0 MR5/Q4-1
1 1 1 1 0 0 0 0 0 0 0 0 0 0 0 0 0 0 0 1 0 0 0 0 0 0 0 0 1 1 1 1 1 0 0 0 0 1 1 0 0 0 1 0 0 0 1 0 0 0 1 1 0 0 0 0 0 0 0 0 MR5/Q4-1
1 0 1 1 0 0 0 1 0 0 1 1 0 0 1 0 0 0 0 0 0 1 0 1 0 0 0 0 1 1 1 1 1 0 0 0 0 1 0 0 0 0 1 0 0 0 0 0 0 0 0 0 0 0 0 0 0 0 0 0 MR5/Q4-1
1 0 1 1 0 0 1 1 1 0 0 1 0 0 1 0 1 1 0 0 1 1 0 0 0 0 0 0 1 1 1 1 1 1 1 0 0 0 1 0 0 1 1 0 0 0 0 0 0 0 1 0 0 0 1 0 0 0 0 0 MR5/Q4-1
1 0 1 1 1 0 0 1 0 0 0 1 0 0 1 0 0 0 0 0 1 1 1 0 0 0 0 0 1 1 1 1 1 1 0 1 0 1 0 0 0 1 1 0 0 0 0 0 0 0 1 0 0 0 0 0 0 0 0 0 MR5/Q4-1
1 0 1 1 1 0 0 1 1 0 0 0 0 0 1 0 0 0 0 0 0 1 1 0 0 0 0 0 1 0 1 1 1 1 0 1 0 0 0 1 0 0 0 0 0 0 0 0 0 0 1 1 0 0 0 0 0 0 0 0 MR5/Q4-1
1 0 1 1 1 0 0 1 1 0 0 1 0 0 1 0 1 0 0 0 0 1 0 0 0 0 0 0 1 1 1 1 1 1 1 1 0 1 0 0 0 0 1 0 0 1 0 0 0 1 1 0 0 1 0 0 0 0 1 0 MR5/Q4-1
1 0 0 1 1 0 0 1 1 1 0 1 0 0 1 0 1 0 0 1 0 1 1 0 0 0 0 0 1 0 1 1 1 1 0 0 0 1 1 0 0 1 0 0 0 1 1 0 0 0 1 0 0 0 1 0 0 0 1 0 MR5/Q4-1
1 0 1 1 1 0 0 1 1 0 0 0 0 0 1 0 1 0 0 0 0 0 0 0 0 0 0 0 1 0 1 1 1 1 0 0 0 1 1 1 0 0 0 1 0 1 1 0 0 0 0 1 0 0 1 0 0 0 0 0 MR5/Q4-1
1 0 1 1 0 0 0 0 1 0 0 0 0 0 0 0 0 1 0 1 0 0 0 0 0 0 0 0 1 1 1 1 1 0 0 0 0 0 0 0 0 0 0 0 0 0 0 0 0 0 0 0 0 0 0 0 0 0 1 0 MR5/Q4-1
1 1 1 1 1 0 0 0 1 0 0 0 0 0 0 0 0 0 0 1 0 0 0 0 0 0 0 0 1 0 1 1 1 1 1 0 0 1 1 0 0 1 1 0 0 0 0 0 0 0 0 0 0 0 0 0 0 0 1 0 MR5/Q4-1
1 0 1 1 1 0 0 0 1 0 0 0 0 0 0 0 0 0 0 1 0 0 0 0 0 0 0 0 1 1 1 1 1 1 0 0 0 0 0 0 0 0 0 0 0 0 1 0 0 0 1 0 0 0 0 0 0 0 1 0 MR5/Q4-1
1 0 0 1 0 0 0 0 1 0 0 0 0 0 0 0 0 0 0 1 0 0 0 0 0 0 0 0 1 0 1 1 1 0 0 0 0 0 0 0 0 1 0 0 0 0 1 0 0 0 1 0 0 0 0 0 0 0 1 0 MR5/Q4-1
1 0 1 1 0 0 0 0 1 0 1 0 0 0 0 0 0 0 0 1 0 1 0 0 0 0 0 0 1 0 1 1 1 1 1 0 0 1 1 1 0 0 1 0 0 0 1 0 1 0 1 0 1 0 0 0 0 0 0 0 MR5/Q4-1
1 0 1 1 1 1 0 1 1 0 0 1 0 0 1 0 0 0 0 1 0 1 0 0 0 0 0 0 0 0 1 1 1 1 0 0 0 0 0 0 0 0 0 0 0 1 0 0 0 0 1 0 0 0 0 0 0 0 1 0 MR5/Q4-1
1 0 1 1 0 0 0 0 1 0 0 0 0 0 0 0 0 0 0 1 0 0 0 0 0 0 0 0 1 1 1 1 1 1 0 0 0 0 1 0 0 0 0 0 0 0 0 0 0 0 1 0 0 0 0 0 0 0 0 0 MR5/Q4-1
NA NA NA NA NA NA NA NA NA NA NA NA NA NA NA NA NA NA NA NA NA NA NA NA NA NA NA NA NA NA NA NA NA NA NA NA NA NA NA NA NA NA NA NA NA NA NA NA NA NA NA NA NA NA NA NA NA NA NA NA NA
0 1 1 1 1 1 1 1 1 1 1 0 0 1 1 0 1 0 0 0 0 0 0 0 0 0 0 0 1 1 1 1 1 1 0 1 0 0 0 0 0 0 0 0 0 0 0 0 0 0 0 0 0 0 0 0 0 0 0 0 MR5/Q4-3
0 1 1 1 1 1 1 1 1 1 0 1 0 1 1 0 1 0 1 1 0 0 0 0 0 0 0 0 1 0 1 1 1 1 0 1 0 0 0 0 0 1 0 0 0 0 0 0 0 0 0 0 0 0 0 0 0 0 0 0 MR5/Q4-3
0 1 1 1 1 0 0 1 1 0 0 1 0 1 1 0 1 1 0 0 0 1 0 0 0 0 0 0 1 0 1 1 1 0 0 1 0 1 0 0 0 1 0 0 0 0 0 0 0 0 0 0 0 0 0 0 0 0 0 0 MR5/Q4-3
0 0 1 1 1 1 0 1 1 0 0 1 0 1 1 0 1 1 0 1 1 1 0 1 0 0 0 0 1 1 1 1 1 1 1 1 0 0 1 0 0 1 0 0 0 0 0 0 0 0 0 0 0 0 1 0 0 0 0 0 MR5/Q4-3
0 1 1 1 1 0 1 1 0 0 0 1 0 1 1 0 1 0 0 1 1 1 1 0 0 0 0 0 1 1 1 1 1 0 0 1 0 1 1 0 0 0 1 0 0 0 1 0 0 0 0 0 0 0 0 0 0 0 0 0 MR5/Q4-3
0 1 1 1 0 0 0 1 0 0 0 1 0 1 1 0 1 1 0 1 1 1 0 0 0 0 0 0 1 1 1 1 1 0 0 1 0 1 1 0 0 1 0 0 0 0 0 0 0 0 0 0 0 1 1 0 0 0 0 0 MR5/Q4-3
0 0 1 1 0 1 0 1 0 0 0 1 0 0 1 0 1 1 0 1 1 1 0 0 0 0 0 0 1 1 1 1 1 0 1 1 0 0 1 0 0 0 1 0 0 1 0 0 0 0 1 0 0 0 0 0 0 0 0 0 MR5/Q4-3
0 1 1 1 0 0 0 1 1 0 0 1 0 0 1 0 0 1 0 1 1 1 0 0 0 0 0 0 1 1 1 1 1 1 1 1 0 0 1 0 0 0 1 0 0 0 0 0 0 0 1 0 0 0 0 0 0 0 0 0 MR5/Q4-3
0 0 1 1 0 0 0 1 1 0 0 1 0 0 1 0 1 0 0 0 0 1 0 0 0 0 1 0 1 0 1 1 1 1 1 1 0 1 0 0 0 0 1 0 0 0 0 0 0 0 1 0 0 0 0 1 0 0 0 0 MR5/Q4-3
0 0 1 1 1 0 0 1 0 0 0 1 0 0 1 0 1 1 0 0 1 1 0 0 0 0 1 0 1 1 1 1 1 0 1 1 0 1 1 1 0 0 1 0 0 1 0 0 0 0 0 0 1 0 0 1 0 0 0 0 MR5/Q4-3
0 0 1 1 0 0 0 1 0 0 0 0 0 0 1 0 1 1 0 1 0 1 0 0 0 0 1 0 1 0 1 1 1 0 0 1 0 0 0 0 0 0 1 0 0 0 0 0 0 0 1 0 0 0 1 0 0 0 0 0 MR5/Q4-3
0 1 1 1 0 0 0 1 0 0 0 1 0 0 1 0 1 1 0 1 1 1 0 0 0 0 1 1 1 0 1 1 1 0 0 1 0 0 0 0 0 0 0 0 0 0 0 1 0 0 0 0 0 0 0 0 0 0 0 0 MR5/Q4-3
0 1 1 1 0 1 0 1 0 0 1 1 0 0 1 0 1 1 0 0 1 1 0 0 0 0 1 1 1 0 1 1 1 1 0 1 0 0 1 0 0 1 1 0 0 0 0 0 0 0 0 0 0 0 0 0 0 0 1 0 MR5/Q4-3
0 1 1 1 0 1 0 1 1 0 1 1 0 0 1 0 1 1 1 1 1 1 0 0 0 0 1 0 1 1 1 1 0 1 0 1 0 1 1 0 0 1 1 0 0 0 1 0 0 0 0 0 0 0 0 0 0 0 1 0 MR5/Q4-3
0 1 1 1 0 1 0 1 0 0 0 1 0 0 1 0 1 1 1 0 1 0 0 0 0 0 1 0 1 0 1 1 1 0 0 0 0 0 0 0 0 0 0 0 0 0 1 0 0 0 0 0 0 0 0 0 0 1 0 0 MR5/Q4-3
0 1 1 1 0 0 0 1 0 0 0 1 0 0 1 0 1 1 0 0 1 1 0 0 0 0 1 0 1 0 1 1 1 1 0 1 0 0 0 0 0 1 1 0 1 0 0 0 0 0 0 0 0 0 0 0 0 0 1 0 MR5/Q4-3
0 0 1 1 0 0 1 1 0 0 1 0 0 0 0 1 0 1 0 0 0 0 0 0 0 0 1 0 1 0 1 1 1 0 0 0 0 0 0 0 0 0 1 0 0 0 0 0 0 0 0 0 1 0 0 0 0 0 0 0 MR5/Q4-3
0 1 1 1 0 0 0 1 0 0 1 0 0 1 0 0 1 1 0 1 1 1 1 0 0 0 1 0 0 1 1 1 1 0 1 1 0 0 0 0 0 0 1 0 0 0 0 0 0 0 0 0 0 0 0 0 0 0 1 0 MR5/Q4-3
0 0 1 0 0 1 1 1 0 1 0 0 0 0 1 0 1 1 0 0 1 0 0 0 0 0 1 0 0 0 1 1 1 1 0 1 0 1 0 0 0 0 0 0 0 0 0 0 0 0 0 0 0 0 0 0 0 0 1 0 MR5/Q4-3
NA NA NA NA NA NA NA NA NA NA NA NA NA NA NA NA NA NA NA NA NA NA NA NA NA NA NA NA NA NA NA NA NA NA NA NA NA NA NA NA NA NA NA NA NA NA NA NA NA NA NA NA NA NA NA NA NA NA NA NA NA
1 0 0 1 1 1 1 1 1 1 1 1 0 1 1 0 1 1 0 0 0 0 0 0 0 0 0 0 1 0 1 1 1 0 0 1 0 0 0 1 0 0 0 0 0 0 0 0 0 0 0 0 0 0 0 0 0 0 0 0 MR6/Q3-1
1 0 1 1 1 1 1 1 1 1 1 1 0 1 1 1 1 0 0 1 0 1 0 0 0 0 0 0 1 0 1 1 1 1 1 1 0 1 1 0 0 1 1 0 0 0 0 0 0 0 0 0 0 0 0 0 0 0 0 0 MR6/Q3-1
1 0 1 1 0 0 0 1 1 1 0 1 0 1 1 0 1 1 0 1 0 0 0 0 0 0 0 0 1 1 1 1 1 1 0 1 0 1 0 1 0 0 0 0 0 0 0 0 0 0 1 0 0 0 0 0 0 0 0 0 MR6/Q3-1
1 0 1 1 1 1 0 1 1 0 1 1 0 1 1 0 0 1 0 1 1 1 0 0 0 0 0 0 1 1 1 1 1 0 1 0 0 1 1 0 0 0 0 0 0 0 0 0 0 0 0 0 0 0 0 0 0 0 0 0 MR6/Q3-1
1 0 1 1 0 0 0 1 0 0 0 0 0 0 1 0 0 0 0 1 1 0 0 0 0 0 0 0 1 1 1 1 1 0 0 0 0 1 1 1 0 0 1 0 0 0 1 0 0 0 1 0 0 0 0 0 0 0 0 0 MR6/Q3-1
1 0 1 1 1 0 0 1 0 0 0 0 0 0 0 0 0 0 0 0 1 0 0 0 0 0 0 0 1 1 1 1 1 0 0 0 0 0 1 0 0 0 0 0 0 0 0 0 0 0 0 0 0 0 0 0 0 0 0 0 MR6/Q3-1
1 0 1 1 0 0 0 0 1 0 1 0 0 0 0 0 0 0 0 1 0 0 0 0 0 0 0 0 1 1 1 1 1 1 1 0 0 0 1 1 0 0 1 0 0 1 0 0 0 0 1 0 0 0 1 0 0 0 0 0 MR6/Q3-1
1 0 1 1 0 0 0 0 1 0 0 0 0 0 0 0 0 0 0 1 0 0 0 0 0 0 0 0 1 1 1 1 1 0 0 0 0 0 1 0 0 0 0 0 0 0 0 0 0 0 1 0 0 0 0 0 0 0 0 0 MR6/Q3-1
1 0 1 1 1 0 0 0 0 0 0 0 0 0 1 1 0 0 0 0 0 0 1 0 0 0 0 0 1 0 1 1 1 1 0 0 0 0 0 1 0 0 0 0 0 0 0 0 0 0 1 0 0 0 0 0 0 0 0 0 MR6/Q3-1
1 0 1 0 1 0 0 1 1 0 0 1 0 0 1 1 0 0 0 0 0 0 0 0 0 0 0 0 1 0 1 1 1 1 0 0 0 0 1 1 0 0 0 0 0 0 0 0 0 0 1 0 0 0 0 0 0 0 0 0 MR6/Q3-1
1 0 1 1 1 0 0 1 1 0 0 0 0 0 1 0 0 0 0 1 1 1 0 0 0 0 1 0 1 0 1 1 1 1 1 0 0 1 1 0 0 0 1 1 0 0 0 0 0 0 1 0 0 0 0 0 0 0 0 0 MR6/Q3-1
1 0 1 1 1 0 0 1 1 0 0 0 0 0 1 0 0 1 0 1 0 0 1 0 0 0 0 0 1 0 1 1 1 1 0 0 0 0 1 0 0 0 1 0 0 0 1 0 0 0 0 0 0 0 0 0 0 0 1 0 MR6/Q3-1
1 0 1 1 0 1 0 0 1 0 0 0 0 0 0 0 0 1 0 1 1 0 0 0 0 0 0 0 1 0 1 1 1 0 0 0 0 0 1 0 0 0 0 0 0 0 0 0 0 0 0 0 0 0 0 0 0 0 1 0 MR6/Q3-1
1 0 0 1 1 1 0 1 1 0 1 0 0 0 1 0 0 0 0 0 0 0 0 0 0 0 0 0 1 1 1 1 0 0 0 0 0 0 1 0 0 0 1 0 0 0 0 0 0 0 1 0 0 0 0 0 0 0 1 0 MR6/Q3-1
1 1 1 1 1 1 1 1 1 1 1 1 0 0 1 0 1 0 0 1 0 1 1 0 0 0 0 0 1 0 1 1 1 0 1 0 0 0 1 0 0 0 1 0 0 1 0 0 0 0 1 0 0 0 0 0 0 0 0 0 MR6/Q3-1
1 0 1 1 0 1 1 1 1 1 1 1 0 0 1 0 1 1 0 1 1 1 0 0 0 0 1 0 1 0 1 1 1 0 0 0 0 1 0 0 0 0 0 0 0 0 0 0 0 0 1 0 0 0 0 0 0 0 0 0 MR6/Q3-1
1 0 1 1 0 0 0 1 1 0 0 0 0 0 1 0 0 0 0 0 0 1 0 0 0 0 0 1 0 0 1 1 1 0 0 0 0 0 0 0 0 0 0 0 0 0 0 0 0 0 0 0 0 0 0 0 0 0 0 0 MR6/Q3-1
1 0 1 1 1 0 0 0 1 0 0 0 0 0 0 0 0 1 0 1 1 1 1 0 0 0 0 0 1 0 1 1 1 1 1 0 0 1 1 0 0 0 0 0 0 0 1 0 0 0 1 0 0 0 0 0 0 0 1 0 MR6/Q3-1
1 0 1 1 0 0 0 0 1 0 0 0 0 0 0 0 0 0 0 1 0 0 0 0 0 0 0 0 1 1 1 1 1 1 0 0 0 0 1 0 0 0 0 0 0 0 0 0 0 0 1 0 0 0 0 0 0 0 0 0 MR6/Q3-1
NA NA NA NA NA NA NA NA NA NA NA NA NA NA NA NA NA NA NA NA NA NA NA NA NA NA NA NA NA NA NA NA NA NA NA NA NA NA NA NA NA NA NA NA NA NA NA NA NA NA NA NA NA NA NA NA NA NA NA NA NA
0 1 1 1 1 1 1 1 1 1 1 1 0 1 1 0 1 0 0 0 0 0 0 0 0 0 0 0 1 1 1 1 1 1 0 1 0 0 0 0 0 0 0 0 0 0 0 0 0 0 0 0 0 0 0 0 0 0 0 0 MR6/Q3-3
0 0 1 1 1 1 1 1 1 1 1 1 0 0 1 0 1 1 0 1 0 1 0 0 0 0 0 0 0 1 1 1 1 0 1 1 0 1 1 1 0 0 1 0 1 0 0 0 0 0 0 0 0 0 0 0 0 0 0 0 MR6/Q3-3
0 0 1 1 0 1 1 1 1 1 1 1 0 1 1 0 1 0 0 1 0 1 0 0 0 0 0 0 1 0 1 1 1 0 1 1 0 1 1 1 0 0 0 0 0 0 0 0 0 0 0 0 0 0 0 0 0 0 0 0 MR6/Q3-3
0 1 1 1 0 1 1 1 0 1 1 1 0 1 1 0 1 1 0 1 1 1 0 0 0 0 0 0 1 1 1 1 1 0 1 1 0 1 1 0 0 0 1 0 0 0 0 0 0 0 0 0 1 0 0 0 0 0 0 0 MR6/Q3-3
0 0 1 1 0 1 0 1 0 1 1 1 0 0 1 0 1 0 0 1 1 1 0 0 0 0 0 0 1 1 1 1 1 1 0 1 0 1 1 0 0 0 1 0 0 0 1 0 0 0 0 0 0 0 0 0 0 0 0 0 MR6/Q3-3
0 1 1 1 1 1 0 1 0 1 1 1 0 0 1 0 1 0 0 0 1 1 0 0 0 0 0 0 1 1 1 1 1 0 0 0 0 0 1 1 0 0 0 0 0 0 0 0 0 0 0 0 0 0 0 0 0 0 0 0 MR6/Q3-3
0 1 1 1 0 1 0 1 0 0 1 1 0 0 1 0 1 1 0 1 1 1 0 0 0 0 0 0 1 1 1 1 1 1 1 1 0 1 1 0 0 0 1 0 0 1 0 0 0 0 1 0 1 1 0 0 0 0 0 0 MR6/Q3-3
0 0 1 1 0 1 0 1 0 1 0 1 1 0 1 0 1 1 0 1 1 1 0 0 0 0 1 0 1 1 1 1 1 1 0 0 0 0 1 1 0 0 0 0 0 0 0 0 0 0 1 0 0 0 0 0 0 0 0 0 MR6/Q3-3
0 0 1 1 0 1 1 1 0 1 0 1 0 0 1 0 1 1 0 0 1 1 0 0 0 0 1 0 1 1 1 1 1 1 0 1 0 0 0 1 0 0 0 0 0 1 0 0 0 0 1 0 1 0 0 0 0 0 0 0 MR6/Q3-3
0 0 1 1 0 1 1 1 0 1 1 1 0 0 0 0 1 1 0 1 0 1 0 0 0 0 1 0 1 0 1 1 1 0 0 1 0 0 0 1 0 0 1 0 0 0 0 0 0 0 1 0 0 0 0 0 0 0 1 0 MR6/Q3-3
0 1 1 1 0 1 1 1 1 1 1 0 0 0 1 0 1 1 0 0 1 1 0 0 0 0 1 0 1 0 1 1 1 0 1 0 0 0 1 0 0 0 1 0 0 0 0 0 0 0 1 0 0 0 0 0 0 0 1 0 MR6/Q3-3
0 0 1 0 0 1 1 1 0 1 0 0 0 0 1 0 1 1 0 0 1 1 0 0 0 0 1 0 0 1 1 1 1 0 0 0 0 0 1 0 0 0 0 0 0 0 1 0 0 0 0 0 0 0 0 0 0 0 0 0 MR6/Q3-3
0 0 1 1 0 1 1 1 0 1 1 1 0 0 1 0 1 1 0 0 1 0 0 0 0 0 1 0 1 1 1 1 1 1 0 0 0 0 1 0 0 0 0 0 0 0 0 0 1 0 0 0 0 0 0 0 0 0 1 0 MR6/Q3-3
0 0 1 1 0 1 1 1 0 1 1 1 0 0 1 0 1 1 0 1 1 1 0 0 0 0 1 0 1 0 1 1 0 1 1 0 0 0 0 0 0 0 0 0 0 0 0 0 0 0 0 0 0 0 0 0 0 0 1 0 MR6/Q3-3
0 0 1 1 0 1 1 1 0 1 0 1 0 0 1 0 1 1 0 1 1 1 0 0 0 0 1 0 1 1 1 1 1 0 1 0 0 0 0 0 0 0 1 0 0 1 0 0 0 0 0 0 0 0 0 0 0 0 0 0 MR6/Q3-3
0 0 1 0 0 1 0 1 0 1 0 0 0 0 1 0 1 1 0 0 1 1 0 0 0 0 1 0 1 0 1 1 1 0 0 0 0 0 1 1 0 1 1 0 0 1 0 0 0 0 1 0 0 0 0 0 0 0 0 0 MR6/Q3-3
0 1 1 1 0 1 1 1 0 1 0 1 0 0 1 0 1 1 0 0 0 1 0 0 0 0 1 0 0 0 1 1 1 0 0 0 0 0 0 0 0 0 1 0 0 0 1 0 0 0 0 0 0 0 0 1 0 0 0 0 MR6/Q3-3
0 0 1 1 0 1 0 1 0 1 0 1 0 0 1 0 1 1 0 0 0 1 0 0 0 0 1 1 1 0 1 1 1 1 1 0 0 1 0 0 0 0 1 0 0 1 0 0 0 0 1 0 0 1 0 0 0 0 1 0 MR6/Q3-3
0 0 1 0 0 1 1 1 0 1 0 0 0 0 1 0 1 1 0 0 1 0 0 0 0 0 1 0 0 0 1 1 1 1 0 1 0 1 0 0 0 0 0 0 0 0 0 0 0 0 0 0 0 0 0 0 0 0 1 0 MR6/Q3-3
NA NA NA NA NA NA NA NA NA NA NA NA NA NA NA NA NA NA NA NA NA NA NA NA NA NA NA NA NA NA NA NA NA NA NA NA NA NA NA NA NA NA NA NA NA NA NA NA NA NA NA NA NA NA NA NA NA NA NA NA NA
1 1 1 1 0 1 1 1 0 0 0 1 1 1 1 0 1 0 0 1 0 0 0 0 0 0 0 0 1 1 1 1 1 0 0 1 0 0 0 1 0 0 0 0 0 0 0 0 0 0 0 0 0 0 0 0 0 0 0 0 MR7/Q2-1
1 1 1 1 0 0 0 1 0 0 0 0 0 0 0 0 0 0 0 1 0 0 0 0 0 0 0 0 1 1 1 1 1 1 0 0 0 0 1 0 0 0 0 0 0 0 0 0 0 0 0 0 0 0 0 0 0 0 0 0 MR7/Q2-1
1 1 1 1 1 0 0 1 0 0 0 1 0 1 1 0 0 0 0 1 0 0 0 0 0 0 0 0 1 0 1 1 1 0 0 0 0 0 0 0 0 0 1 0 1 0 0 0 0 0 0 0 0 0 0 0 0 0 0 0 MR7/Q2-1
1 1 1 1 1 1 0 1 0 0 0 1 0 0 1 0 1 0 0 1 1 1 1 0 0 0 0 0 1 0 1 1 1 1 1 0 0 1 1 1 0 0 1 0 0 0 0 0 0 0 0 0 0 0 0 0 0 0 0 0 MR7/Q2-1
1 1 1 1 1 1 0 1 1 1 1 1 1 0 0 0 1 0 0 1 1 0 0 0 0 0 0 0 1 1 1 1 1 0 1 0 0 0 1 0 0 0 1 0 0 0 1 0 0 0 0 0 0 0 1 0 0 0 0 0 MR7/Q2-1
1 1 1 1 1 0 0 0 1 0 0 0 0 0 1 0 1 0 0 0 1 0 0 0 0 0 0 0 1 1 1 1 1 0 1 0 0 1 1 0 0 0 1 0 0 1 0 0 0 0 0 0 0 0 0 0 0 0 0 0 MR7/Q2-1
1 0 1 1 0 0 0 0 1 0 0 0 0 0 0 0 0 0 0 0 0 0 0 0 0 0 0 0 1 1 1 1 1 0 0 0 0 0 1 1 0 0 0 0 0 0 0 0 0 0 0 0 0 0 1 0 0 0 0 0 MR7/Q2-1
1 0 1 1 1 0 0 0 0 0 0 0 0 0 0 0 0 0 0 0 0 0 0 0 0 0 0 0 1 0 1 1 1 0 0 0 0 0 1 0 0 0 0 0 0 0 0 0 0 0 0 0 0 0 0 0 0 0 0 0 MR7/Q2-1
1 0 1 1 1 0 0 0 0 0 0 0 0 0 0 0 0 0 0 0 0 0 0 0 0 0 0 0 1 1 1 1 1 0 0 0 0 0 0 1 0 0 0 0 0 0 0 0 0 0 0 0 1 0 0 0 0 0 0 0 MR7/Q2-1
1 1 1 1 1 1 0 0 0 0 0 0 0 0 1 0 0 0 0 1 0 0 0 0 0 0 0 0 1 1 1 1 1 0 1 0 0 1 0 1 0 0 1 0 0 1 1 0 0 0 1 0 1 0 0 0 0 0 1 0 MR7/Q2-1
1 1 1 1 1 0 0 0 0 0 0 1 0 0 1 0 1 0 0 0 0 0 1 0 0 0 0 0 1 0 1 1 1 1 1 0 0 1 1 0 0 0 0 0 0 0 0 0 0 0 0 0 0 0 0 0 0 0 1 0 MR7/Q2-1
1 0 1 1 1 0 0 0 0 0 0 0 0 0 1 0 0 0 0 0 0 0 0 0 0 0 0 0 1 1 1 1 1 0 1 0 0 0 1 0 0 0 1 0 1 1 1 0 0 0 1 0 0 0 0 0 0 0 1 0 MR7/Q2-1
1 0 1 1 0 0 0 0 0 0 0 0 0 0 1 0 0 0 0 0 0 0 0 0 0 0 0 0 1 0 1 1 1 0 0 0 0 0 0 0 0 0 0 0 0 0 0 0 0 0 0 0 0 0 0 0 0 0 1 0 MR7/Q2-1
1 0 1 1 1 1 0 0 1 1 1 1 0 0 1 0 0 0 0 0 0 0 0 0 0 0 0 0 1 0 1 1 0 0 1 0 0 1 0 0 0 0 1 0 0 0 1 0 0 0 0 0 0 0 0 0 0 0 0 0 MR7/Q2-1
1 1 1 1 1 1 1 1 0 1 1 0 0 0 1 0 1 0 0 1 0 1 1 0 0 0 0 0 1 0 1 1 1 0 1 0 0 1 1 0 0 0 1 0 0 0 0 0 0 0 0 0 0 0 0 0 0 0 0 0 MR7/Q2-1
1 1 1 1 1 0 1 0 1 1 0 0 0 0 0 0 0 0 0 0 0 0 0 0 0 0 0 0 1 0 1 1 1 0 0 0 0 1 1 0 0 0 1 0 0 0 1 0 0 0 1 0 0 0 0 0 0 0 1 0 MR7/Q2-1
1 1 1 1 1 1 1 0 1 1 1 0 0 0 1 0 0 0 0 0 0 0 0 0 0 0 0 0 1 1 1 1 1 0 1 0 0 1 1 0 0 0 0 0 0 1 1 0 0 0 0 0 0 0 0 0 0 0 0 0 MR7/Q2-1
1 1 1 1 1 1 1 0 1 1 1 1 0 0 1 0 1 0 0 0 0 1 1 0 0 0 0 0 1 0 1 1 1 0 1 0 0 0 1 0 0 0 1 0 0 0 1 0 0 0 0 0 0 0 0 0 0 0 1 0 MR7/Q2-1
1 1 1 1 1 1 0 1 1 0 1 0 0 0 1 0 1 0 0 0 1 0 1 0 0 0 0 0 1 0 1 1 1 0 1 0 0 1 1 0 0 0 1 0 0 0 1 0 0 0 0 0 0 0 0 1 0 0 1 0 MR7/Q2-1
NA NA NA NA NA NA NA NA NA NA NA NA NA NA NA NA NA NA NA NA NA NA NA NA NA NA NA NA NA NA NA NA NA NA NA NA NA NA NA NA NA NA NA NA NA NA NA NA NA NA NA NA NA NA NA NA NA NA NA NA NA
0 1 0 1 1 1 1 1 1 1 0 1 1 1 1 0 1 0 0 0 0 0 0 0 0 0 0 0 1 1 1 1 1 0 0 0 0 0 0 1 0 0 0 0 0 0 0 0 0 0 0 0 0 0 0 0 0 0 0 0 MR7/Q2-3
0 1 1 1 1 1 1 1 1 1 0 1 0 1 1 0 1 0 0 0 0 0 0 0 0 0 0 0 1 0 1 1 1 0 1 0 0 0 1 0 0 1 1 0 0 0 0 0 0 0 0 0 0 0 0 0 0 0 0 0 MR7/Q2-3
0 1 1 1 0 1 1 1 1 1 0 1 1 1 1 0 1 0 0 1 0 0 1 0 0 0 0 0 1 0 1 1 1 0 0 0 0 1 0 0 0 0 1 1 0 0 0 0 0 0 0 0 0 0 0 0 0 0 0 0 MR7/Q2-3
0 1 1 1 1 1 1 1 1 1 1 0 1 1 1 1 1 1 0 1 1 1 0 0 0 0 0 0 1 0 1 1 1 0 1 0 0 1 1 0 0 0 1 0 1 0 0 0 0 0 0 0 0 0 0 0 0 0 0 0 MR7/Q2-3
0 1 1 1 1 1 0 1 1 0 0 1 1 0 1 0 1 0 0 1 1 0 0 0 0 0 0 0 1 1 1 1 1 0 0 0 0 0 1 0 0 0 1 0 0 1 1 0 0 0 0 0 0 0 0 0 0 0 0 0 MR7/Q2-3
0 1 1 1 1 0 0 1 1 0 0 1 1 1 1 0 1 0 0 1 1 1 0 0 0 0 0 0 1 1 1 1 1 0 1 0 0 1 1 1 0 0 1 0 0 1 0 0 0 0 0 0 0 1 1 0 0 0 0 0 MR7/Q2-3
0 1 1 1 1 1 1 1 0 1 0 1 1 1 1 0 1 0 0 1 1 0 0 0 1 0 0 0 1 1 1 1 1 0 1 0 0 1 1 1 0 0 1 1 1 1 0 0 0 0 0 0 0 0 0 0 0 0 0 0 MR7/Q2-3
0 1 1 1 0 1 0 1 1 1 0 1 1 0 1 0 1 0 0 1 1 0 0 0 0 0 0 0 1 1 1 1 1 0 0 0 0 0 1 1 0 0 1 0 0 1 0 0 0 1 0 0 0 0 0 0 0 0 0 0 MR7/Q2-3
0 1 1 1 1 1 1 1 0 1 0 1 1 1 1 0 1 0 0 0 0 0 1 0 0 0 0 0 1 1 1 1 1 0 0 0 0 1 0 1 0 0 1 0 0 1 0 0 0 0 0 0 0 0 0 0 0 0 0 0 MR7/Q2-3
0 1 1 1 1 1 0 1 1 0 0 1 1 1 1 0 1 0 0 1 1 1 0 0 0 0 0 0 1 1 1 1 1 1 1 1 0 1 1 0 0 0 1 0 0 1 0 0 0 0 0 0 1 0 0 0 0 0 1 0 MR7/Q2-3
0 1 1 1 1 0 0 1 0 1 0 1 1 0 1 0 1 1 0 1 0 0 0 0 0 0 0 0 1 0 1 1 1 0 0 0 0 1 0 1 0 1 1 0 0 1 1 0 0 0 1 0 0 0 0 0 0 0 1 0 MR7/Q2-3
0 1 1 1 0 0 0 1 0 0 0 1 1 0 1 0 1 0 0 1 1 0 0 0 0 0 0 0 1 1 1 1 1 1 0 0 0 1 1 0 0 0 1 0 0 1 1 0 0 0 0 0 0 0 1 0 0 0 1 0 MR7/Q2-3
0 1 1 1 0 1 1 1 1 1 1 1 0 1 1 0 1 0 0 0 1 1 0 0 0 0 1 0 1 0 1 1 1 0 0 0 0 1 0 1 0 0 1 0 0 1 0 0 0 0 0 0 0 0 0 0 0 0 1 0 MR7/Q2-3
0 0 1 1 1 1 1 1 1 1 1 0 1 0 1 0 1 1 0 1 1 1 0 0 0 0 0 0 1 0 1 1 0 0 1 0 0 1 0 1 0 0 1 0 0 1 0 0 0 0 0 0 0 0 0 0 0 0 0 0 MR7/Q2-3
0 1 1 1 0 1 0 1 0 1 1 0 1 0 1 0 1 0 0 1 0 1 0 0 0 0 0 0 1 0 1 1 1 0 1 0 0 0 0 1 0 0 1 0 0 0 1 0 0 0 0 0 0 0 1 0 0 0 0 0 MR7/Q2-3
0 1 1 1 0 1 1 0 1 1 0 1 0 0 0 0 1 0 0 1 1 1 0 0 0 0 0 0 1 0 1 1 1 0 0 0 0 0 1 1 0 1 1 0 0 1 1 0 0 0 0 0 0 0 0 0 0 0 1 0 MR7/Q2-3
0 1 1 1 0 1 1 1 0 1 1 1 1 0 1 0 1 0 0 0 0 1 0 0 0 0 0 0 1 0 1 1 1 0 0 0 0 0 1 0 0 0 1 0 1 1 1 0 0 0 0 0 0 0 0 0 0 0 0 0 MR7/Q2-3
0 1 1 1 0 1 1 1 1 1 1 1 1 1 1 0 1 0 0 0 1 1 0 0 0 0 1 0 1 0 1 1 1 1 1 0 0 0 1 0 0 0 1 0 1 0 0 0 0 0 0 0 0 0 0 0 0 0 1 0 MR7/Q2-3
0 1 1 1 1 1 1 1 1 1 1 1 1 0 1 0 1 0 0 1 0 1 1 0 0 0 0 0 1 0 1 1 1 0 1 1 0 1 0 0 0 0 1 0 0 0 1 0 0 0 0 0 0 0 1 0 0 0 1 0 MR7/Q2-3
NA NA NA NA NA NA NA NA NA NA NA NA NA NA NA NA NA NA NA NA NA NA NA NA NA NA NA NA NA NA NA NA NA NA NA NA NA NA NA NA NA NA NA NA NA NA NA NA NA NA NA NA NA NA NA NA NA NA NA NA NA
1 1 1 0 0 1 1 1 0 1 0 0 0 1 1 0 0 0 0 0 0 0 0 0 0 0 0 0 0 1 1 1 0 0 0 1 0 0 0 0 0 1 0 0 0 0 0 0 0 0 0 0 0 0 0 0 0 0 0 0 MR8/Q13-1
1 0 1 1 0 1 1 1 0 1 0 1 0 0 1 0 0 0 0 0 0 0 0 0 0 0 0 0 0 1 1 1 1 0 0 1 0 1 0 0 0 1 1 0 0 0 0 0 0 0 0 0 0 0 0 0 0 0 0 0 MR8/Q13-1
1 1 1 1 1 0 0 1 1 1 0 1 0 1 1 0 0 1 0 0 0 1 1 0 0 0 0 0 1 1 1 0 1 1 0 1 0 1 0 0 0 1 1 1 0 0 0 0 0 0 0 0 0 0 0 0 1 0 0 0 MR8/Q13-1
1 0 1 1 1 0 0 1 1 0 0 0 0 1 0 0 0 1 0 0 0 0 0 0 0 0 0 0 0 1 1 1 1 0 1 1 0 1 0 0 0 1 0 0 0 0 0 0 0 0 0 1 0 0 0 0 0 0 0 0 MR8/Q13-1
1 0 1 1 1 1 0 0 0 1 1 0 0 0 0 0 0 0 0 0 0 0 0 0 0 0 0 0 1 1 1 1 1 0 0 0 0 0 1 0 0 1 1 0 0 0 1 0 1 0 0 0 0 0 0 0 0 0 0 0 MR8/Q13-1
1 0 1 1 1 0 0 0 0 0 0 0 0 0 0 0 0 0 0 0 0 0 1 0 0 0 0 0 1 1 1 1 1 0 0 0 0 0 1 1 0 0 0 1 0 0 0 0 0 0 0 0 0 0 0 0 0 0 0 0 MR8/Q13-1
1 0 1 1 0 1 1 1 0 0 0 1 0 0 1 0 0 0 0 0 0 0 0 0 0 0 0 0 0 1 1 1 1 0 0 0 0 0 0 0 0 1 0 0 0 1 1 0 0 0 0 0 0 0 0 0 1 0 0 0 MR8/Q13-1
1 0 1 1 1 0 0 1 0 0 0 0 0 0 1 0 0 0 1 1 0 1 0 0 0 0 1 0 1 1 1 1 1 0 0 1 0 1 1 0 0 0 0 0 1 0 1 0 0 0 0 0 1 0 0 0 0 0 0 0 MR8/Q13-1
1 0 1 1 1 0 0 1 1 0 0 0 0 0 1 0 0 0 1 1 0 0 1 0 0 0 1 0 0 1 1 0 1 1 1 1 0 1 0 0 0 0 1 0 0 0 1 0 0 0 0 0 0 0 1 1 1 1 0 0 MR8/Q13-1
1 0 1 1 1 0 0 1 0 0 0 0 0 0 0 0 0 1 1 1 0 0 0 0 0 0 0 0 0 1 1 1 1 0 0 1 0 1 1 1 0 0 1 1 0 0 1 0 0 0 0 0 0 0 1 0 0 0 0 0 MR8/Q13-1
1 0 1 1 1 0 0 1 0 0 0 0 0 0 1 0 0 0 0 1 0 0 1 0 0 0 0 0 0 1 1 1 1 1 1 1 0 1 1 0 0 0 0 0 0 0 1 0 0 0 0 0 1 0 1 0 0 0 1 0 MR8/Q13-1
1 0 1 1 1 0 0 1 0 0 0 0 0 0 1 0 0 0 0 1 0 0 0 0 0 0 0 0 0 1 1 1 1 1 1 0 0 1 0 0 0 1 1 1 0 0 0 0 1 0 0 0 1 0 1 0 0 0 1 0 MR8/Q13-1
1 0 1 1 1 1 1 1 0 1 1 1 1 1 1 0 0 1 0 1 0 1 1 0 0 0 0 0 1 1 1 1 1 0 0 0 0 1 1 0 0 1 0 0 0 0 1 0 0 0 0 0 0 0 0 0 0 0 1 0 MR8/Q13-1
1 0 1 1 1 1 1 1 0 1 1 1 0 0 1 0 1 0 0 0 0 1 0 0 0 0 0 0 0 1 1 1 1 0 0 0 0 1 0 0 0 1 1 1 1 1 1 0 0 0 0 0 0 0 0 0 0 1 1 0 MR8/Q13-1
1 1 1 1 1 0 0 1 0 0 0 1 0 1 1 0 1 1 0 0 0 1 0 0 0 0 0 0 0 1 1 1 1 1 0 0 0 0 1 0 0 1 0 0 1 0 1 0 0 0 0 0 0 0 1 0 0 1 1 0 MR8/Q13-1
1 0 1 1 1 0 0 1 1 0 0 0 0 0 1 0 1 1 0 0 1 0 1 0 0 0 0 0 1 1 0 1 0 0 0 0 0 0 0 0 0 1 1 0 0 0 1 0 0 0 0 0 0 0 0 0 1 1 1 0 MR8/Q13-1
1 0 1 1 0 0 0 1 0 0 0 0 0 0 1 0 0 1 0 0 0 0 1 0 0 0 0 0 0 1 1 1 1 1 0 0 0 0 1 0 0 0 1 0 0 0 0 0 0 0 0 0 0 0 1 0 0 0 0 0 MR8/Q13-1
1 0 0 1 1 0 0 0 1 0 0 0 0 0 0 0 0 0 0 0 0 1 1 0 0 0 0 0 0 1 1 0 1 0 1 0 0 0 0 0 0 1 0 1 0 1 0 0 0 0 0 0 0 0 0 0 0 0 1 0 MR8/Q13-1
1 0 1 1 1 0 0 0 1 0 0 0 0 1 0 0 0 1 0 0 0 0 1 0 0 0 0 0 1 1 1 1 1 1 1 0 0 0 0 0 0 1 1 0 0 1 1 0 1 0 0 0 0 0 1 0 0 0 1 1 MR8/Q13-1
NA NA NA NA NA NA NA NA NA NA NA NA NA NA NA NA NA NA NA NA NA NA NA NA NA NA NA NA NA NA NA NA NA NA NA NA NA NA NA NA NA NA NA NA NA NA NA NA NA NA NA NA NA NA NA NA NA NA NA NA NA
0 1 1 1 0 1 0 1 0 0 0 1 0 1 1 0 0 0 1 0 0 0 0 0 0 0 0 0 0 1 1 1 1 0 0 1 1 0 0 0 0 1 0 0 0 0 0 0 0 0 0 0 0 0 0 0 0 0 0 0 MR8/Q13-3
0 1 1 1 0 0 1 1 0 0 0 1 0 1 1 0 0 0 1 0 0 0 0 0 0 0 0 0 0 1 1 1 0 1 0 1 0 1 0 0 0 1 1 0 0 0 0 0 0 0 0 0 0 0 0 0 0 0 0 0 MR8/Q13-3
0 0 1 1 0 0 0 1 0 0 0 1 0 1 1 0 0 0 0 0 0 1 1 0 0 0 0 0 0 1 1 1 0 0 1 1 0 1 0 0 0 1 0 0 0 0 0 0 0 0 0 0 0 0 0 0 1 0 0 0 MR8/Q13-3
0 1 1 1 1 0 1 1 0 1 1 0 0 1 1 0 1 1 1 1 0 0 0 0 0 0 0 0 0 1 0 0 1 0 1 1 1 1 1 0 0 1 1 1 1 0 0 0 1 0 1 0 0 0 1 1 0 0 0 0 MR8/Q13-3
0 1 1 1 1 0 1 1 0 1 1 1 0 1 1 0 1 0 0 1 0 0 0 0 0 0 0 0 1 1 1 1 1 0 1 1 0 1 1 0 0 1 1 0 0 0 1 0 0 0 0 0 0 1 1 0 0 1 0 0 MR8/Q13-3
0 1 1 1 1 1 0 1 0 1 1 1 0 1 1 0 1 0 0 1 1 1 0 0 0 0 0 0 1 1 1 1 1 0 0 1 0 0 0 0 0 1 1 0 0 0 0 1 0 0 0 0 0 0 0 0 1 0 0 0 MR8/Q13-3
0 0 1 1 0 0 0 1 0 0 0 1 0 0 1 0 0 1 0 0 0 0 0 0 0 0 0 0 1 1 1 0 0 1 0 1 0 0 0 0 0 0 0 1 0 0 0 0 0 0 0 0 0 0 1 0 0 0 0 0 MR8/Q13-3
0 0 1 1 0 0 0 1 0 0 0 1 0 1 1 0 1 1 1 0 0 1 0 0 0 0 0 0 1 1 1 1 0 0 1 1 0 1 1 1 0 1 1 0 0 1 1 0 0 0 0 0 1 1 1 0 0 0 0 0 MR8/Q13-3
0 0 1 1 1 0 0 1 0 0 0 1 0 0 1 0 1 1 1 1 0 1 0 0 0 0 1 0 0 1 1 1 0 1 1 1 0 1 1 0 0 1 1 0 1 0 1 0 1 0 0 0 0 0 0 0 0 0 0 0 MR8/Q13-3
0 0 1 1 1 0 0 1 0 0 0 1 0 1 1 0 0 1 1 1 0 0 0 0 0 0 0 0 0 1 1 1 0 1 0 1 0 1 0 0 0 0 0 0 0 0 0 0 0 0 0 0 0 1 1 1 0 0 1 0 MR8/Q13-3
0 0 1 1 0 0 0 1 0 0 0 1 0 0 1 0 0 1 1 1 0 1 0 0 0 0 1 0 0 1 1 0 1 0 1 1 1 1 1 0 0 0 1 0 0 1 1 0 1 0 0 0 0 1 1 1 0 0 1 0 MR8/Q13-3
0 1 1 1 0 0 0 1 0 0 0 1 0 0 1 0 0 1 1 1 0 1 1 0 0 0 0 0 0 1 1 1 1 1 1 1 0 1 1 0 0 0 1 1 0 1 0 0 0 0 0 0 1 1 1 1 1 0 1 1 MR8/Q13-3
0 0 1 1 1 0 1 1 0 1 1 1 0 1 1 0 0 1 0 1 0 1 0 0 0 0 1 0 1 1 1 1 0 1 0 1 0 1 0 0 0 0 0 0 0 1 1 0 0 0 0 0 0 0 0 0 0 0 1 0 MR8/Q13-3
0 0 1 1 1 1 1 1 0 1 0 1 0 0 1 0 1 1 1 1 0 0 0 0 0 0 1 0 0 1 1 1 1 1 1 1 0 1 0 0 0 0 0 0 0 1 1 0 0 0 0 0 0 0 0 0 0 1 0 0 MR8/Q13-3
0 1 1 1 0 1 0 1 0 0 1 0 0 1 1 0 1 1 1 1 0 0 1 0 0 0 1 0 1 1 1 0 1 0 0 1 0 1 0 0 0 0 0 0 1 0 1 0 0 0 0 0 0 0 1 0 0 0 0 0 MR8/Q13-3
0 0 1 1 0 1 0 1 0 1 1 1 0 0 1 0 1 1 1 1 1 1 0 0 0 0 1 0 0 1 1 1 0 0 1 1 0 1 0 0 0 0 0 0 0 0 0 0 0 0 0 0 0 1 0 0 0 0 1 0 MR8/Q13-3
0 0 1 1 0 1 0 1 0 1 0 1 0 0 1 0 1 1 1 1 0 0 0 0 0 0 0 0 0 1 1 0 0 1 0 1 0 1 0 0 0 0 1 0 1 0 1 0 0 0 0 0 0 0 1 0 0 0 0 0 MR8/Q13-3
0 1 0 1 1 1 0 1 0 1 0 1 0 0 1 0 0 1 1 0 0 1 0 0 0 0 0 0 0 1 1 0 0 0 1 1 0 1 0 0 0 1 0 0 1 0 1 0 0 0 0 0 0 1 0 1 0 0 0 0 MR8/Q13-3
0 0 1 1 1 1 0 1 0 0 0 1 0 0 1 0 1 1 1 0 1 1 1 0 0 0 0 0 0 1 1 0 0 1 1 1 0 1 1 0 0 0 0 0 0 0 1 0 0 0 0 0 0 0 0 1 0 0 0 0 MR8/Q13-3
NA NA NA NA NA NA NA NA NA NA NA NA NA NA NA NA NA NA NA NA NA NA NA NA NA NA NA NA NA NA NA NA NA NA NA NA NA NA NA NA NA NA NA NA NA NA NA NA NA NA NA NA NA NA NA NA NA NA NA NA NA
1 1 1 1 1 0 0 1 1 0 1 0 0 1 1 0 1 1 0 0 0 0 0 0 0 0 0 0 0 1 1 1 1 1 1 1 0 0 0 0 0 0 0 0 0 0 0 0 0 0 0 0 0 0 0 0 0 0 0 0 MR9/Q14-1
1 1 1 1 0 1 0 1 1 0 0 1 0 1 1 0 1 1 0 1 0 0 0 0 0 0 0 0 0 1 1 1 1 0 1 0 0 1 0 0 0 1 1 0 0 0 0 0 0 0 0 0 0 0 0 0 0 0 0 0 MR9/Q14-1
1 1 1 1 1 1 0 1 1 0 0 0 0 0 0 0 1 1 0 1 0 0 0 0 0 0 0 0 0 1 1 1 1 0 1 0 0 1 0 0 0 0 0 0 0 0 0 0 0 0 0 0 1 0 0 0 0 0 0 0 MR9/Q14-1
1 0 1 1 1 1 0 1 1 0 0 0 0 0 0 0 0 0 0 1 0 1 0 0 0 0 0 0 1 1 1 1 1 0 1 1 0 1 0 0 0 1 1 0 0 0 0 0 0 0 0 1 0 0 1 0 0 0 0 0 MR9/Q14-1
1 1 1 1 1 1 0 1 1 0 1 0 0 0 0 0 1 0 0 0 1 0 1 0 0 0 0 0 1 1 1 1 1 0 1 1 0 1 1 0 0 0 1 0 0 0 1 0 0 0 0 0 0 1 1 1 0 0 0 0 MR9/Q14-1
1 0 1 1 1 0 0 1 1 0 0 0 0 0 0 0 0 1 0 0 1 0 0 0 1 0 0 0 1 1 1 1 1 0 0 0 0 0 1 1 0 0 0 1 0 0 0 0 0 0 0 1 0 0 0 0 0 1 0 0 MR9/Q14-1
1 0 1 1 0 0 0 0 1 0 0 0 0 0 0 0 0 1 0 0 0 0 0 0 0 0 0 0 0 1 1 1 1 1 0 0 0 0 1 0 0 1 0 0 0 0 0 0 0 0 0 0 0 0 0 0 0 0 0 0 MR9/Q14-1
1 0 1 1 1 0 0 0 1 0 0 0 0 0 0 0 0 1 0 0 0 0 0 0 0 0 0 0 1 1 1 1 1 0 1 0 0 1 0 0 0 0 0 0 0 1 1 0 0 0 0 0 1 0 1 0 0 0 0 0 MR9/Q14-1
1 1 1 1 1 1 0 1 1 0 0 1 0 0 1 0 0 0 0 0 0 0 1 0 0 0 0 0 0 1 1 1 1 1 1 0 0 1 0 0 0 1 1 0 0 0 1 0 0 0 0 0 0 0 0 1 0 1 0 0 MR9/Q14-1
1 1 1 1 1 0 0 1 1 0 0 1 0 0 1 0 0 0 0 0 0 0 0 0 0 0 0 0 0 1 1 1 1 1 0 0 0 1 0 0 0 0 0 0 1 0 1 0 0 0 0 0 0 0 1 0 1 0 0 0 MR9/Q14-1
1 1 1 1 1 0 0 1 1 0 0 0 0 0 1 0 0 0 0 0 0 0 1 0 0 0 0 0 0 1 1 1 1 0 1 0 0 1 0 0 0 0 1 0 0 1 0 0 0 0 0 1 1 0 1 0 0 0 1 0 MR9/Q14-1
1 1 1 1 1 0 0 0 1 0 0 0 0 0 0 0 0 0 0 0 0 0 0 0 0 0 0 0 1 1 1 1 1 1 0 0 0 0 0 0 0 0 1 0 0 0 0 0 0 0 0 0 0 0 0 0 0 0 0 0 MR9/Q14-1
1 1 0 1 1 0 0 1 0 0 1 1 0 1 1 0 0 0 0 0 0 0 0 0 0 0 0 0 1 1 1 1 1 0 0 0 0 0 1 0 0 0 0 0 0 0 1 0 0 0 0 0 0 0 0 0 0 0 0 0 MR9/Q14-1
1 1 1 1 1 1 1 1 0 1 1 1 0 0 1 0 1 0 0 0 0 1 0 0 0 0 0 0 1 1 1 1 1 0 0 0 0 0 0 0 0 0 1 0 0 0 1 0 0 0 0 0 0 0 0 0 0 0 1 0 MR9/Q14-1
1 1 1 1 1 1 0 1 1 0 1 1 0 0 1 0 1 1 0 0 0 1 0 0 0 0 1 0 1 1 1 1 1 0 0 0 0 0 0 0 0 1 0 0 0 1 1 0 0 0 0 0 0 0 1 0 0 1 0 0 MR9/Q14-1
1 1 1 1 1 1 0 1 1 0 1 0 0 0 0 0 1 1 0 0 1 0 1 0 0 0 1 0 1 1 1 1 1 0 0 1 0 0 0 0 0 1 0 0 0 0 1 0 0 0 0 0 0 0 0 0 0 0 0 0 MR9/Q14-1
1 1 1 1 0 1 1 1 0 1 1 0 0 0 0 0 1 1 0 0 0 0 0 0 0 0 1 0 1 1 1 1 1 0 0 0 0 0 0 0 0 1 0 0 0 0 0 0 0 0 0 0 0 0 0 0 0 0 0 0 MR9/Q14-1
1 0 1 1 1 1 1 1 1 1 1 0 1 0 1 0 1 1 0 0 0 1 1 0 0 0 1 0 1 1 1 1 1 0 1 0 0 1 0 0 0 0 0 0 0 0 1 0 0 0 0 0 0 0 1 0 0 0 1 0 MR9/Q14-1
1 0 1 1 1 0 0 1 1 0 0 0 0 0 1 0 1 1 0 0 1 0 1 0 0 0 1 0 0 1 1 1 1 0 1 0 0 1 0 0 0 0 0 0 0 1 0 0 0 0 0 0 0 0 0 0 0 0 0 0 MR9/Q14-1
NA NA NA NA NA NA NA NA NA NA NA NA NA NA NA NA NA NA NA NA NA NA NA NA NA NA NA NA NA NA NA NA NA NA NA NA NA NA NA NA NA NA NA NA NA NA NA NA NA NA NA NA NA NA NA NA NA NA NA NA NA
0 1 1 1 0 1 1 1 1 1 0 1 0 1 1 0 1 1 0 0 0 0 0 0 0 0 0 0 1 1 1 1 0 0 1 1 0 0 0 0 0 0 0 0 0 0 0 0 0 0 0 0 0 0 0 0 0 0 0 0 MR9/Q14-3
0 1 1 1 1 1 1 1 1 0 0 1 0 1 1 0 1 1 0 0 0 0 0 0 0 0 0 0 0 1 1 1 0 0 1 1 0 1 0 0 0 1 0 0 0 0 0 0 0 0 0 0 0 0 0 0 0 0 0 0 MR9/Q14-3
0 1 1 1 0 0 1 1 1 1 0 1 0 1 1 0 1 1 0 0 0 1 0 0 0 0 0 0 0 1 1 1 0 1 1 1 1 1 1 0 0 0 1 1 0 0 0 0 0 0 0 0 1 0 0 0 0 0 0 0 MR9/Q14-3
0 0 1 1 1 1 1 1 0 0 1 0 0 1 1 0 1 1 0 0 1 1 0 0 0 0 0 0 1 1 0 1 0 0 1 1 0 1 0 0 0 0 1 0 0 0 0 0 0 1 0 0 0 0 1 0 0 0 0 0 MR9/Q14-3
0 1 1 1 0 1 0 1 0 0 0 0 0 1 1 0 1 1 0 1 1 1 0 0 1 0 0 0 1 1 1 1 1 0 1 1 0 1 1 0 0 0 1 1 0 0 1 0 0 1 0 0 0 0 1 0 0 0 0 0 MR9/Q14-3
0 1 1 1 0 1 0 1 0 0 1 0 0 1 1 0 1 1 0 1 1 0 0 0 1 0 0 0 1 1 1 1 0 0 0 1 0 0 0 0 1 1 0 0 0 0 1 0 0 0 0 1 0 0 0 0 1 0 0 0 MR9/Q14-3
0 1 1 1 0 0 0 1 0 0 0 1 0 0 1 0 1 1 0 0 1 0 0 0 0 0 0 0 1 1 1 1 0 0 0 1 0 1 0 0 0 1 1 0 0 0 0 0 0 0 0 0 0 0 0 0 0 0 0 0 MR9/Q14-3
0 0 1 1 0 1 0 1 0 0 0 1 0 1 1 0 1 1 0 1 0 1 0 0 1 0 1 0 0 1 0 1 0 0 1 1 1 1 0 0 0 1 1 0 0 0 1 0 0 1 1 0 0 0 0 0 0 0 0 0 MR9/Q14-3
0 0 1 1 1 1 1 1 1 1 1 1 0 1 1 0 1 0 1 1 1 1 1 0 0 0 1 0 1 1 1 1 1 1 1 1 0 1 0 0 0 1 1 0 0 0 1 0 0 1 0 0 1 0 0 1 1 0 0 0 MR9/Q14-3
0 0 1 1 0 0 0 1 1 0 0 1 0 0 1 0 0 0 0 1 0 1 0 0 0 0 1 0 1 1 1 1 1 1 1 1 0 1 0 0 0 0 1 0 0 0 0 0 0 0 0 0 0 0 1 1 0 0 1 0 MR9/Q14-3
0 0 1 1 1 1 0 1 0 0 1 1 0 0 1 0 1 1 0 1 0 1 0 0 0 0 1 0 0 1 1 1 1 1 1 1 0 1 0 0 0 1 1 1 0 0 1 0 0 1 0 0 0 1 1 1 0 0 1 0 MR9/Q14-3
0 0 1 1 0 0 0 1 0 0 0 0 0 0 1 0 0 1 0 1 0 1 0 0 0 0 1 0 1 1 0 1 0 0 0 1 0 0 0 0 0 1 1 0 0 0 1 0 0 0 0 0 0 0 0 1 0 0 0 1 MR9/Q14-3
0 0 1 1 1 1 1 1 0 1 1 1 1 1 1 0 0 1 0 0 1 1 0 0 0 0 1 0 1 1 1 1 1 0 1 1 0 1 1 0 0 0 1 0 0 1 1 0 0 0 0 0 1 0 1 0 1 0 1 0 MR9/Q14-3
0 0 1 1 0 1 1 1 0 1 1 0 0 0 1 0 1 1 0 0 0 1 0 0 0 0 1 0 1 1 1 1 1 0 1 1 0 1 0 0 0 1 1 0 0 0 1 0 0 0 0 0 0 0 0 0 0 0 1 0 MR9/Q14-3
0 1 1 1 0 1 1 1 0 0 1 0 0 0 1 0 1 1 0 0 1 1 0 0 0 0 1 0 1 1 1 1 1 0 0 1 0 1 0 0 0 0 0 0 0 0 1 0 0 0 0 0 0 0 0 0 0 0 0 0 MR9/Q14-3
0 1 1 1 1 1 1 1 0 0 1 1 0 0 1 0 1 1 0 1 1 0 1 0 0 0 1 0 1 1 1 1 1 0 0 1 0 0 0 0 0 0 1 0 0 0 1 0 0 0 0 0 0 0 0 0 0 0 1 0 MR9/Q14-3
0 0 1 1 0 1 1 1 0 1 1 0 0 0 1 0 1 1 0 0 1 1 0 0 0 0 1 0 1 1 1 1 0 0 0 1 1 0 0 0 0 0 0 0 0 0 0 0 0 0 0 0 0 0 0 0 0 0 0 0 MR9/Q14-3
0 0 1 1 1 1 0 1 0 0 1 0 0 1 1 0 1 1 0 0 1 1 0 0 0 0 1 0 0 1 1 1 1 0 1 1 0 1 0 0 0 0 1 0 0 0 1 0 0 0 0 0 0 0 0 0 0 0 0 0 MR9/Q14-3
0 1 1 1 1 1 1 1 0 0 0 1 0 0 1 0 1 1 0 0 1 0 0 0 0 0 1 0 0 1 1 1 1 0 1 1 0 1 0 0 0 1 1 0 0 0 1 1 0 0 0 0 0 0 1 1 0 0 0 0 MR9/Q14-3
NA NA NA NA NA NA NA NA NA NA NA NA NA NA NA NA NA NA NA NA NA NA NA NA NA NA NA NA NA NA NA NA NA NA NA NA NA NA NA NA NA NA NA NA NA NA NA NA NA NA NA NA NA NA NA NA NA NA NA NA NA
1 1 1 1 0 1 1 1 1 1 0 0 0 1 1 0 1 0 0 0 0 0 0 0 0 0 0 0 1 1 1 1 1 0 1 1 0 0 0 0 0 1 0 0 0 0 0 0 0 0 0 0 0 0 0 0 0 0 0 0 MR10-1
1 1 1 1 1 1 1 1 1 1 0 0 0 1 1 0 1 0 0 0 0 0 0 0 0 0 0 0 1 1 1 1 0 0 1 1 0 1 0 0 0 1 0 0 0 0 0 0 1 0 0 0 0 0 0 0 0 0 0 0 MR10-1
1 1 1 1 1 0 0 1 0 0 0 0 0 1 1 0 0 0 0 0 0 0 0 0 0 0 0 0 0 1 1 1 1 0 0 0 0 0 0 0 0 1 0 0 0 0 0 0 0 0 0 0 0 0 0 0 0 0 0 0 MR10-1
1 1 0 1 1 0 0 1 0 0 1 1 0 1 1 0 0 0 0 0 0 0 0 0 0 0 0 0 0 1 1 1 1 1 0 0 0 0 0 0 0 1 1 0 0 0 1 0 0 0 0 0 0 0 0 0 0 0 0 0 MR10-1
1 1 1 1 0 0 0 1 1 1 1 1 0 1 1 0 1 0 0 0 0 1 1 0 0 1 0 0 1 1 1 1 1 0 0 0 0 1 0 0 0 0 1 1 0 0 1 0 0 0 0 0 1 0 0 0 0 0 0 0 MR10-1
1 1 1 1 1 1 1 1 1 1 1 1 0 1 1 0 1 0 0 0 1 0 0 0 0 0 0 0 0 1 1 1 1 0 0 0 0 0 0 0 0 1 0 0 0 0 1 0 0 0 0 0 0 0 1 0 1 0 0 0 MR10-1
1 1 1 1 0 0 0 1 1 0 0 0 0 0 1 0 0 0 0 0 0 0 1 0 0 0 0 0 0 1 1 1 1 1 0 0 0 0 0 0 0 1 0 1 0 0 0 0 0 0 0 0 0 0 0 0 0 0 0 0 MR10-1
1 0 1 1 1 0 0 0 1 0 0 0 0 0 0 0 0 0 0 0 0 0 1 0 0 0 0 0 0 1 1 1 1 1 1 0 0 1 0 0 0 0 1 0 0 1 1 0 0 0 0 0 0 0 0 0 0 0 0 0 MR10-1
1 1 1 1 1 0 0 0 0 0 0 0 0 0 0 0 0 0 0 0 0 0 0 0 0 0 0 0 0 0 1 1 1 0 0 1 0 0 0 0 0 0 0 0 0 0 1 0 0 0 0 0 0 0 0 0 0 0 0 0 MR10-1
1 0 0 1 1 0 0 1 0 0 0 0 0 0 1 0 0 0 0 0 0 0 0 0 0 0 0 0 0 0 1 1 1 0 0 0 0 1 0 0 0 0 1 0 0 1 1 0 0 0 0 0 0 0 0 0 1 0 0 0 MR10-1
1 1 0 1 1 0 0 0 0 0 0 0 0 0 0 0 0 0 0 0 0 0 0 0 0 0 0 0 0 1 1 1 1 0 0 0 0 0 1 0 0 0 0 0 0 0 0 0 0 0 0 0 0 0 1 0 0 0 1 1 MR10-1
1 0 0 1 0 0 0 0 0 0 0 0 0 1 1 0 0 0 0 0 0 0 0 0 0 0 0 0 0 1 1 0 1 0 0 1 0 0 1 0 0 0 1 0 0 1 1 0 0 0 0 0 0 0 0 0 0 0 0 0 MR10-1
1 1 1 1 1 0 1 1 1 1 0 1 0 0 1 0 1 0 0 0 0 0 0 0 0 0 0 0 0 1 1 1 1 1 0 0 0 1 0 0 0 1 1 0 0 1 0 0 0 0 0 0 0 0 1 0 0 0 0 0 MR10-1
1 1 1 1 1 1 1 1 0 1 1 1 0 0 1 0 1 1 0 0 1 0 1 0 0 0 0 0 1 1 1 1 1 0 1 0 0 1 0 0 0 0 1 0 0 1 0 0 0 0 0 1 0 0 0 0 0 0 0 0 MR10-1
1 1 1 1 1 0 0 1 0 0 0 1 0 0 1 0 0 1 0 0 0 0 1 0 0 0 0 0 1 1 1 1 1 1 1 0 0 0 0 0 0 1 0 0 0 1 1 0 0 0 0 0 0 0 1 0 0 0 0 0 MR10-1
1 0 1 1 1 0 0 0 0 0 0 0 0 0 0 0 0 0 0 0 0 0 0 0 0 0 0 0 0 1 1 1 1 0 0 0 0 0 0 0 0 1 1 0 0 1 0 0 0 0 0 0 0 0 1 0 0 0 1 0 MR10-1
1 1 1 1 0 0 0 0 0 0 0 0 0 0 0 0 0 1 0 0 0 0 1 0 0 0 0 0 0 1 1 1 1 0 0 0 0 0 0 0 0 0 1 0 0 1 1 0 0 0 0 0 0 0 0 0 0 0 0 0 MR10-1
1 0 1 1 1 0 0 0 1 0 0 0 0 0 0 0 0 1 0 0 0 0 1 0 0 0 0 0 0 1 1 0 1 0 1 0 0 0 0 0 0 0 0 0 0 0 0 0 0 0 0 0 0 0 0 0 0 0 0 0 MR10-1
1 0 1 1 1 1 1 1 1 0 1 0 0 0 1 0 1 0 0 0 0 0 1 0 0 0 0 0 0 1 1 1 1 1 0 0 0 0 0 0 0 1 1 0 0 0 1 0 0 0 0 0 0 0 0 0 0 0 1 0 MR10-1
NA NA NA NA NA NA NA NA NA NA NA NA NA NA NA NA NA NA NA NA NA NA NA NA NA NA NA NA NA NA NA NA NA NA NA NA NA NA NA NA NA NA NA NA NA NA NA NA NA NA NA NA NA NA NA NA NA NA NA NA NA
0 1 1 1 1 1 1 1 1 1 0 1 0 1 1 0 1 0 0 1 0 0 0 0 0 0 0 0 1 1 1 1 0 0 0 1 0 0 0 0 0 1 0 0 0 0 0 0 0 0 0 0 0 0 0 0 0 0 0 0 MR10-3
0 1 1 1 1 1 1 1 1 1 0 1 0 1 1 0 1 1 0 1 0 0 0 0 0 0 0 0 0 1 1 1 1 0 1 1 1 1 0 0 0 1 0 0 0 0 0 0 0 0 0 0 0 0 0 0 0 0 0 0 MR10-3
0 1 1 1 1 1 0 1 0 0 1 1 0 1 1 0 0 0 1 1 0 0 0 0 0 0 0 0 0 1 1 1 1 1 1 1 1 1 0 0 0 1 0 0 0 0 0 0 0 0 0 0 0 0 0 0 0 0 0 0 MR10-3
0 1 1 1 1 1 1 1 0 1 1 1 0 1 1 0 1 1 0 1 1 1 1 0 0 1 0 0 1 1 1 1 0 1 1 1 1 1 0 0 0 1 0 0 0 0 0 0 0 0 0 0 0 0 1 0 0 0 0 0 MR10-3
0 1 1 1 0 1 1 1 1 1 0 1 0 1 1 0 0 0 0 1 0 1 0 0 1 1 0 0 1 1 1 1 1 1 0 1 0 1 0 0 0 1 1 0 0 0 1 0 0 0 0 0 0 0 1 0 0 0 0 0 MR10-3
0 1 1 1 1 1 1 1 0 1 1 1 0 1 1 0 1 1 0 1 1 0 0 0 1 1 0 0 0 1 1 1 1 0 0 0 0 0 0 0 0 1 1 0 1 1 1 0 0 0 0 0 1 0 0 0 1 0 0 0 MR10-3
0 1 1 1 0 1 0 1 0 1 0 1 0 1 1 0 0 1 0 1 0 0 0 0 0 0 0 0 0 1 1 1 1 0 0 1 0 0 0 0 0 0 1 0 0 0 1 0 0 0 0 0 0 0 0 0 0 0 0 0 MR10-3
0 1 1 1 1 1 0 1 0 1 0 1 0 0 1 0 0 1 0 1 0 0 1 0 0 0 0 0 1 1 1 1 1 1 1 1 0 1 0 0 0 1 1 0 1 1 1 0 0 0 0 0 1 1 1 0 0 0 0 0 MR10-3
0 1 1 1 1 0 0 1 1 0 0 1 0 0 1 0 0 1 0 1 0 0 0 0 0 0 0 0 0 1 1 1 1 0 1 1 0 0 0 0 0 1 1 0 0 1 1 0 0 0 0 1 0 0 0 0 0 0 0 0 MR10-3
0 1 1 1 0 0 0 1 0 0 0 1 0 1 1 0 0 1 0 1 0 0 1 0 1 0 0 0 0 1 1 1 1 1 1 1 1 1 0 0 0 0 1 0 0 1 1 0 0 1 0 0 0 0 0 0 0 0 0 0 MR10-3
0 1 1 1 1 1 0 1 0 0 0 0 0 0 1 0 0 1 0 1 0 0 1 0 0 0 0 0 1 1 1 1 1 1 1 1 0 1 0 0 0 0 1 0 0 1 0 0 0 1 0 0 0 0 1 0 0 0 1 1 MR10-3
0 1 1 1 0 0 0 1 0 0 0 1 0 1 1 0 0 1 0 1 0 0 0 0 1 0 0 0 0 1 1 1 1 1 1 1 1 1 0 0 0 1 1 0 0 1 1 0 0 1 0 0 0 0 1 0 0 0 1 0 MR10-3
0 1 1 1 1 1 1 1 0 1 1 1 0 1 1 0 1 1 0 1 1 1 0 0 0 0 0 0 0 1 1 1 1 0 1 1 1 1 1 0 0 1 1 0 0 1 1 0 0 0 0 0 0 0 1 0 0 0 1 0 MR10-3
0 1 1 1 0 1 1 1 0 0 0 1 0 0 1 0 1 1 0 0 1 0 1 0 0 0 0 0 1 1 1 1 1 1 1 1 0 1 0 0 0 1 1 0 0 1 0 0 0 0 0 0 0 0 1 0 0 0 1 0 MR10-3
0 1 1 1 0 1 0 1 0 0 1 1 0 1 1 0 1 1 0 1 0 1 0 0 0 0 0 0 1 1 1 1 1 0 1 1 1 1 0 1 0 1 1 0 0 1 0 0 0 0 0 0 0 0 0 1 0 0 1 0 MR10-3
0 1 1 1 0 0 0 1 0 0 0 0 0 1 1 0 0 1 0 1 0 0 1 0 1 0 0 0 1 1 1 1 1 1 1 1 1 0 0 0 0 0 1 0 0 1 1 0 0 1 0 0 0 0 1 1 0 0 1 0 MR10-3
0 1 1 1 0 0 0 1 0 0 0 1 0 0 1 0 0 1 0 0 0 0 0 0 0 0 0 0 0 1 1 1 1 0 0 1 0 0 0 0 0 1 1 1 0 0 1 0 0 0 0 0 0 0 0 0 0 0 0 0 MR10-3
0 0 1 1 0 0 1 1 0 1 0 1 0 1 1 0 1 1 0 1 0 0 0 0 0 0 1 0 0 0 1 1 1 0 1 1 1 1 0 0 0 0 0 0 0 0 0 1 0 1 0 0 0 0 0 0 0 0 0 0 MR10-3
0 1 1 1 0 1 1 0 1 1 1 1 0 0 1 0 1 1 0 1 0 0 1 0 0 0 0 0 0 1 1 1 1 0 1 1 0 0 0 0 0 0 0 0 0 0 1 0 0 0 0 0 0 0 0 0 0 0 0 1 MR10-3
NA NA NA NA NA NA NA NA NA NA NA NA NA NA NA NA NA NA NA NA NA NA NA NA NA NA NA NA NA NA NA NA NA NA NA NA NA NA NA NA NA NA NA NA NA NA NA NA NA NA NA NA NA NA NA NA NA NA NA NA NA
NA NA NA NA NA NA NA NA NA NA NA NA NA NA NA NA NA NA NA NA NA NA NA NA NA NA NA NA NA NA NA NA NA NA NA NA NA NA NA NA NA NA NA NA NA NA NA NA NA NA NA NA NA NA NA NA NA NA NA NA MR11-1
NA NA NA NA NA NA NA NA NA NA NA NA NA NA NA NA NA NA NA NA NA NA NA NA NA NA NA NA NA NA NA NA NA NA NA NA NA NA NA NA NA NA NA NA NA NA NA NA NA NA NA NA NA NA NA NA NA NA NA NA MR11-1
NA NA NA NA NA NA NA NA NA NA NA NA NA NA NA NA NA NA NA NA NA NA NA NA NA NA NA NA NA NA NA NA NA NA NA NA NA NA NA NA NA NA NA NA NA NA NA NA NA NA NA NA NA NA NA NA NA NA NA NA MR11-1
NA NA NA NA NA NA NA NA NA NA NA NA NA NA NA NA NA NA NA NA NA NA NA NA NA NA NA NA NA NA NA NA NA NA NA NA NA NA NA NA NA NA NA NA NA NA NA NA NA NA NA NA NA NA NA NA NA NA NA NA MR11-1
NA NA NA NA NA NA NA NA NA NA NA NA NA NA NA NA NA NA NA NA NA NA NA NA NA NA NA NA NA NA NA NA NA NA NA NA NA NA NA NA NA NA NA NA NA NA NA NA NA NA NA NA NA NA NA NA NA NA NA NA MR11-1
NA NA NA NA NA NA NA NA NA NA NA NA NA NA NA NA NA NA NA NA NA NA NA NA NA NA NA NA NA NA NA NA NA NA NA NA NA NA NA NA NA NA NA NA NA NA NA NA NA NA NA NA NA NA NA NA NA NA NA NA MR11-1
NA NA NA NA NA NA NA NA NA NA NA NA NA NA NA NA NA NA NA NA NA NA NA NA NA NA NA NA NA NA NA NA NA NA NA NA NA NA NA NA NA NA NA NA NA NA NA NA NA NA NA NA NA NA NA NA NA NA NA NA MR11-1
NA NA NA NA NA NA NA NA NA NA NA NA NA NA NA NA NA NA NA NA NA NA NA NA NA NA NA NA NA NA NA NA NA NA NA NA NA NA NA NA NA NA NA NA NA NA NA NA NA NA NA NA NA NA NA NA NA NA NA NA MR11-1
NA NA NA NA NA NA NA NA NA NA NA NA NA NA NA NA NA NA NA NA NA NA NA NA NA NA NA NA NA NA NA NA NA NA NA NA NA NA NA NA NA NA NA NA NA NA NA NA NA NA NA NA NA NA NA NA NA NA NA NA MR11-1
NA NA NA NA NA NA NA NA NA NA NA NA NA NA NA NA NA NA NA NA NA NA NA NA NA NA NA NA NA NA NA NA NA NA NA NA NA NA NA NA NA NA NA NA NA NA NA NA NA NA NA NA NA NA NA NA NA NA NA NA MR11-1
NA NA NA NA NA NA NA NA NA NA NA NA NA NA NA NA NA NA NA NA NA NA NA NA NA NA NA NA NA NA NA NA NA NA NA NA NA NA NA NA NA NA NA NA NA NA NA NA NA NA NA NA NA NA NA NA NA NA NA NA MR11-1
NA NA NA NA NA NA NA NA NA NA NA NA NA NA NA NA NA NA NA NA NA NA NA NA NA NA NA NA NA NA NA NA NA NA NA NA NA NA NA NA NA NA NA NA NA NA NA NA NA NA NA NA NA NA NA NA NA NA NA NA MR11-1
NA NA NA NA NA NA NA NA NA NA NA NA NA NA NA NA NA NA NA NA NA NA NA NA NA NA NA NA NA NA NA NA NA NA NA NA NA NA NA NA NA NA NA NA NA NA NA NA NA NA NA NA NA NA NA NA NA NA NA NA MR11-1
NA NA NA NA NA NA NA NA NA NA NA NA NA NA NA NA NA NA NA NA NA NA NA NA NA NA NA NA NA NA NA NA NA NA NA NA NA NA NA NA NA NA NA NA NA NA NA NA NA NA NA NA NA NA NA NA NA NA NA NA MR11-1
NA NA NA NA NA NA NA NA NA NA NA NA NA NA NA NA NA NA NA NA NA NA NA NA NA NA NA NA NA NA NA NA NA NA NA NA NA NA NA NA NA NA NA NA NA NA NA NA NA NA NA NA NA NA NA NA NA NA NA NA MR11-1
NA NA NA NA NA NA NA NA NA NA NA NA NA NA NA NA NA NA NA NA NA NA NA NA NA NA NA NA NA NA NA NA NA NA NA NA NA NA NA NA NA NA NA NA NA NA NA NA NA NA NA NA NA NA NA NA NA NA NA NA NA
0 1 1 1 1 0 1 1 1 0 0 1 0 1 1 0 0 0 0 1 1 1 1 0 0 1 0 0 1 1 1 1 1 0 1 0 0 1 1 1 0 0 1 0 1 0 0 0 0 0 0 0 0 1 1 0 0 0 0 0 MR11-3
0 1 1 1 1 0 1 1 0 0 0 1 0 0 1 0 0 0 0 0 1 1 1 0 0 0 0 0 1 1 1 1 1 1 0 0 0 1 0 0 0 1 1 0 1 0 1 0 0 0 0 0 0 0 1 0 0 0 0 0 MR11-3
0 0 1 1 0 0 0 1 0 0 0 1 0 1 1 0 1 0 0 0 1 1 0 0 0 1 0 0 1 1 1 1 1 1 1 1 0 0 0 1 0 0 1 0 0 0 0 0 0 0 0 0 0 0 0 0 0 0 0 0 MR11-3
0 1 1 1 0 0 0 1 0 0 0 1 0 0 1 0 1 0 0 1 1 1 1 0 0 1 0 0 1 1 1 1 1 1 1 1 0 1 0 0 0 1 1 0 0 1 1 0 0 1 1 0 1 0 1 0 0 0 0 0 MR11-3
0 1 1 1 0 0 0 1 1 0 0 1 0 0 1 0 0 0 0 1 0 0 0 0 0 0 0 0 0 0 1 1 1 1 0 1 1 0 0 0 0 0 0 1 0 0 0 0 0 0 0 0 0 0 1 0 0 0 0 0 MR11-3
0 1 1 1 0 0 1 1 1 0 1 1 0 0 1 0 0 0 0 1 0 1 0 0 0 0 0 0 0 1 1 1 1 1 1 0 0 1 1 0 0 0 1 0 0 1 1 0 0 0 0 0 0 1 0 0 0 0 0 0 MR11-3
0 1 1 1 0 1 0 1 1 0 0 1 0 0 1 0 0 0 0 1 1 0 0 0 0 0 0 0 1 0 1 1 1 1 0 1 0 1 0 0 0 1 0 0 0 0 0 0 0 0 0 0 0 0 0 0 0 0 1 0 MR11-3
0 0 1 1 0 0 0 0 1 1 0 1 0 0 1 0 0 0 0 0 0 1 0 0 1 0 0 0 1 1 1 1 1 1 0 1 1 1 0 0 0 1 0 0 0 0 1 0 0 0 0 0 0 0 0 0 0 0 1 0 MR11-3
0 1 1 1 0 1 1 1 1 1 1 1 0 0 1 0 1 0 0 1 1 1 0 0 0 0 0 0 1 0 1 1 1 1 0 1 0 0 0 0 0 1 1 0 0 1 1 0 0 0 0 1 0 0 0 0 0 0 0 0 MR11-3
0 1 1 1 1 1 1 1 1 1 1 1 0 0 1 0 0 0 0 1 0 1 0 0 0 0 0 0 1 0 1 1 1 1 1 1 0 1 0 0 0 0 1 0 0 0 0 0 0 0 0 0 0 0 1 0 0 0 1 0 MR11-3
0 1 1 1 1 1 0 1 1 0 1 1 0 0 1 0 1 0 0 1 1 0 0 0 1 0 0 0 1 0 1 1 1 0 1 1 1 1 0 0 0 1 0 0 0 1 1 0 0 1 0 0 0 0 1 0 0 0 1 0 MR11-3
0 1 1 1 1 1 1 1 1 1 1 1 0 0 1 0 1 0 0 0 1 1 0 0 0 0 0 0 1 0 1 1 1 1 1 1 0 1 0 0 0 0 0 0 0 0 1 0 0 0 1 0 0 0 1 0 0 0 1 0 MR11-3
0 0 1 1 0 1 1 1 1 1 1 1 0 0 1 0 1 0 0 1 0 1 0 0 0 0 0 0 0 1 1 1 1 1 1 1 0 1 0 0 0 0 1 0 0 0 1 0 0 0 0 0 0 1 0 0 0 0 1 0 MR11-3
0 0 1 1 0 1 1 1 1 1 1 1 0 0 1 0 1 0 0 1 0 1 0 0 0 0 0 0 0 1 1 1 1 0 1 1 0 1 0 0 0 0 1 0 0 0 1 0 0 0 0 0 0 0 0 0 0 0 0 0 MR11-3
0 0 1 1 0 1 1 1 1 1 1 1 1 0 1 0 1 1 0 1 1 1 1 1 0 0 1 0 0 1 1 1 1 0 1 1 1 1 0 0 0 0 0 0 0 1 1 0 0 0 0 0 0 0 1 0 0 0 0 1 MR11-3
NA NA NA NA NA NA NA NA NA NA NA NA NA NA NA NA NA NA NA NA NA NA NA NA NA NA NA NA NA NA NA NA NA NA NA NA NA NA NA NA NA NA NA NA NA NA NA NA NA NA NA NA NA NA NA NA NA NA NA NA NA
NA NA NA NA NA NA NA NA NA NA NA NA NA NA NA NA NA NA NA NA NA NA NA NA NA NA NA NA NA NA NA NA NA NA NA NA NA NA NA NA NA NA NA NA NA NA NA NA NA NA NA NA NA NA NA NA NA NA NA NA MR12-1
NA NA NA NA NA NA NA NA NA NA NA NA NA NA NA NA NA NA NA NA NA NA NA NA NA NA NA NA NA NA NA NA NA NA NA NA NA NA NA NA NA NA NA NA NA NA NA NA NA NA NA NA NA NA NA NA NA NA NA NA MR12-1
NA NA NA NA NA NA NA NA NA NA NA NA NA NA NA NA NA NA NA NA NA NA NA NA NA NA NA NA NA NA NA NA NA NA NA NA NA NA NA NA NA NA NA NA NA NA NA NA NA NA NA NA NA NA NA NA NA NA NA NA MR12-1
NA NA NA NA NA NA NA NA NA NA NA NA NA NA NA NA NA NA NA NA NA NA NA NA NA NA NA NA NA NA NA NA NA NA NA NA NA NA NA NA NA NA NA NA NA NA NA NA NA NA NA NA NA NA NA NA NA NA NA NA MR12-1
NA NA NA NA NA NA NA NA NA NA NA NA NA NA NA NA NA NA NA NA NA NA NA NA NA NA NA NA NA NA NA NA NA NA NA NA NA NA NA NA NA NA NA NA NA NA NA NA NA NA NA NA NA NA NA NA NA NA NA NA MR12-1
NA NA NA NA NA NA NA NA NA NA NA NA NA NA NA NA NA NA NA NA NA NA NA NA NA NA NA NA NA NA NA NA NA NA NA NA NA NA NA NA NA NA NA NA NA NA NA NA NA NA NA NA NA NA NA NA NA NA NA NA MR12-1
NA NA NA NA NA NA NA NA NA NA NA NA NA NA NA NA NA NA NA NA NA NA NA NA NA NA NA NA NA NA NA NA NA NA NA NA NA NA NA NA NA NA NA NA NA NA NA NA NA NA NA NA NA NA NA NA NA NA NA NA MR12-1
NA NA NA NA NA NA NA NA NA NA NA NA NA NA NA NA NA NA NA NA NA NA NA NA NA NA NA NA NA NA NA NA NA NA NA NA NA NA NA NA NA NA NA NA NA NA NA NA NA NA NA NA NA NA NA NA NA NA NA NA MR12-1
NA NA NA NA NA NA NA NA NA NA NA NA NA NA NA NA NA NA NA NA NA NA NA NA NA NA NA NA NA NA NA NA NA NA NA NA NA NA NA NA NA NA NA NA NA NA NA NA NA NA NA NA NA NA NA NA NA NA NA NA MR12-1
NA NA NA NA NA NA NA NA NA NA NA NA NA NA NA NA NA NA NA NA NA NA NA NA NA NA NA NA NA NA NA NA NA NA NA NA NA NA NA NA NA NA NA NA NA NA NA NA NA NA NA NA NA NA NA NA NA NA NA NA MR12-1
NA NA NA NA NA NA NA NA NA NA NA NA NA NA NA NA NA NA NA NA NA NA NA NA NA NA NA NA NA NA NA NA NA NA NA NA NA NA NA NA NA NA NA NA NA NA NA NA NA NA NA NA NA NA NA NA NA NA NA NA MR12-1
NA NA NA NA NA NA NA NA NA NA NA NA NA NA NA NA NA NA NA NA NA NA NA NA NA NA NA NA NA NA NA NA NA NA NA NA NA NA NA NA NA NA NA NA NA NA NA NA NA NA NA NA NA NA NA NA NA NA NA NA MR12-1
NA NA NA NA NA NA NA NA NA NA NA NA NA NA NA NA NA NA NA NA NA NA NA NA NA NA NA NA NA NA NA NA NA NA NA NA NA NA NA NA NA NA NA NA NA NA NA NA NA NA NA NA NA NA NA NA NA NA NA NA MR12-1
NA NA NA NA NA NA NA NA NA NA NA NA NA NA NA NA NA NA NA NA NA NA NA NA NA NA NA NA NA NA NA NA NA NA NA NA NA NA NA NA NA NA NA NA NA NA NA NA NA NA NA NA NA NA NA NA NA NA NA NA MR12-1
NA NA NA NA NA NA NA NA NA NA NA NA NA NA NA NA NA NA NA NA NA NA NA NA NA NA NA NA NA NA NA NA NA NA NA NA NA NA NA NA NA NA NA NA NA NA NA NA NA NA NA NA NA NA NA NA NA NA NA NA MR12-1
NA NA NA NA NA NA NA NA NA NA NA NA NA NA NA NA NA NA NA NA NA NA NA NA NA NA NA NA NA NA NA NA NA NA NA NA NA NA NA NA NA NA NA NA NA NA NA NA NA NA NA NA NA NA NA NA NA NA NA NA NA
0 1 1 1 1 1 1 0 0 1 1 0 0 1 1 0 1 0 0 0 0 0 0 0 0 0 0 0 1 1 1 1 1 0 1 0 0 1 1 0 0 0 1 1 0 0 1 0 0 0 0 0 1 0 1 0 0 0 0 0 MR12-3
0 1 1 1 1 1 1 1 0 1 1 0 0 1 1 0 1 1 0 0 1 0 0 1 1 0 0 0 1 1 1 1 1 0 0 0 0 0 0 0 0 1 0 0 0 0 0 0 0 0 0 0 0 0 1 0 1 0 0 0 MR12-3
0 1 1 1 0 0 1 1 1 0 0 1 0 1 1 0 1 0 0 0 1 0 0 0 0 1 0 0 1 1 1 1 1 0 0 1 0 0 0 0 1 1 1 0 1 1 1 0 0 0 0 0 0 0 1 0 0 0 0 0 MR12-3
0 1 1 1 0 0 0 1 0 0 0 1 0 0 1 0 1 0 0 1 1 0 1 0 0 0 0 0 1 1 1 1 1 0 1 1 0 1 0 0 0 0 1 0 0 1 0 0 0 1 0 0 1 1 1 0 0 0 0 0 MR12-3
0 1 1 1 0 0 0 1 1 0 0 1 0 1 1 0 1 0 0 1 1 0 0 0 0 0 0 0 1 1 1 1 1 0 1 1 0 0 0 0 0 1 1 1 0 0 0 0 0 0 0 0 0 0 1 0 0 0 0 0 MR12-3
0 1 1 1 1 0 1 1 1 1 1 1 0 1 1 1 1 0 0 1 1 1 0 1 0 0 1 0 0 0 1 1 1 1 1 1 0 1 0 0 0 1 1 0 0 1 1 0 0 1 0 0 0 0 1 0 0 0 0 0 MR12-3
0 1 1 1 0 1 0 1 1 1 0 0 0 0 1 0 1 1 0 1 0 0 0 0 0 0 1 0 1 1 1 1 1 0 1 1 0 1 0 0 0 1 1 0 0 0 0 0 0 0 0 0 0 0 0 0 0 0 1 0 MR12-3
0 0 1 1 0 0 0 1 0 0 0 1 0 0 1 0 1 1 0 1 1 0 0 0 1 0 0 0 0 1 1 1 1 0 1 1 1 1 0 0 0 1 1 1 0 1 1 0 0 0 0 0 0 0 1 0 0 0 0 0 MR12-3
0 1 1 1 0 1 1 1 0 0 1 1 0 0 1 0 1 0 0 1 1 1 0 1 0 0 1 0 0 1 1 1 0 0 1 1 0 0 0 0 1 1 1 0 0 1 1 0 0 0 0 0 0 0 1 0 0 0 0 0 MR12-3
0 1 1 1 0 1 1 1 0 1 1 1 0 0 1 0 1 0 0 1 1 0 0 0 0 0 1 0 1 1 1 1 1 1 1 1 0 1 0 0 0 1 1 0 0 0 0 0 0 0 0 0 0 0 1 0 0 0 1 0 MR12-3
0 1 1 1 0 1 1 1 0 0 0 1 0 0 1 0 1 1 0 1 1 1 0 0 1 0 1 0 1 1 1 1 1 0 1 1 1 1 0 0 0 1 1 0 0 1 1 0 0 1 0 0 0 0 1 0 0 0 1 0 MR12-3
0 1 1 1 0 1 1 1 1 0 0 1 0 1 1 0 1 1 0 0 1 1 1 0 1 0 1 0 1 0 1 1 1 1 1 1 0 1 0 0 0 0 0 1 0 1 1 0 0 1 0 0 0 0 1 0 0 0 1 0 MR12-3
0 1 1 1 0 1 0 1 0 1 1 1 0 0 1 0 0 1 0 0 1 0 0 0 0 0 0 0 0 1 1 1 0 0 1 1 0 1 0 0 0 1 1 1 0 0 1 0 0 1 0 0 0 0 0 0 0 0 0 0 MR12-3
0 1 1 1 0 1 0 1 0 0 1 1 0 0 1 0 1 0 0 1 1 0 0 0 1 0 1 0 0 1 1 1 1 0 1 1 0 1 0 0 0 0 0 0 0 0 1 0 1 0 0 0 0 0 1 0 0 0 1 1 MR12-3
0 0 1 1 0 1 1 1 1 1 1 0 0 0 1 0 1 1 0 1 1 1 0 0 0 0 0 0 0 1 1 1 1 1 1 1 0 1 0 0 0 1 1 0 0 0 1 0 0 1 0 0 0 1 0 0 0 0 0 1 MR12-3
NA NA NA NA NA NA NA NA NA NA NA NA NA NA NA NA NA NA NA NA NA NA NA NA NA NA NA NA NA NA NA NA NA NA NA NA NA NA NA NA NA NA NA NA NA NA NA NA NA NA NA NA NA NA NA NA NA NA NA NA NA
NA NA NA NA NA NA NA NA NA NA NA NA NA NA NA NA NA NA NA NA NA NA NA NA NA NA NA NA NA NA NA NA NA NA NA NA NA NA NA NA NA NA NA NA NA NA NA NA NA NA NA NA NA NA NA NA NA NA NA NA MR13-1
NA NA NA NA NA NA NA NA NA NA NA NA NA NA NA NA NA NA NA NA NA NA NA NA NA NA NA NA NA NA NA NA NA NA NA NA NA NA NA NA NA NA NA NA NA NA NA NA NA NA NA NA NA NA NA NA NA NA NA NA MR13-1
NA NA NA NA NA NA NA NA NA NA NA NA NA NA NA NA NA NA NA NA NA NA NA NA NA NA NA NA NA NA NA NA NA NA NA NA NA NA NA NA NA NA NA NA NA NA NA NA NA NA NA NA NA NA NA NA NA NA NA NA MR13-1
NA NA NA NA NA NA NA NA NA NA NA NA NA NA NA NA NA NA NA NA NA NA NA NA NA NA NA NA NA NA NA NA NA NA NA NA NA NA NA NA NA NA NA NA NA NA NA NA NA NA NA NA NA NA NA NA NA NA NA NA MR13-1
NA NA NA NA NA NA NA NA NA NA NA NA NA NA NA NA NA NA NA NA NA NA NA NA NA NA NA NA NA NA NA NA NA NA NA NA NA NA NA NA NA NA NA NA NA NA NA NA NA NA NA NA NA NA NA NA NA NA NA NA MR13-1
NA NA NA NA NA NA NA NA NA NA NA NA NA NA NA NA NA NA NA NA NA NA NA NA NA NA NA NA NA NA NA NA NA NA NA NA NA NA NA NA NA NA NA NA NA NA NA NA NA NA NA NA NA NA NA NA NA NA NA NA MR13-1
NA NA NA NA NA NA NA NA NA NA NA NA NA NA NA NA NA NA NA NA NA NA NA NA NA NA NA NA NA NA NA NA NA NA NA NA NA NA NA NA NA NA NA NA NA NA NA NA NA NA NA NA NA NA NA NA NA NA NA NA MR13-1
NA NA NA NA NA NA NA NA NA NA NA NA NA NA NA NA NA NA NA NA NA NA NA NA NA NA NA NA NA NA NA NA NA NA NA NA NA NA NA NA NA NA NA NA NA NA NA NA NA NA NA NA NA NA NA NA NA NA NA NA MR13-1
NA NA NA NA NA NA NA NA NA NA NA NA NA NA NA NA NA NA NA NA NA NA NA NA NA NA NA NA NA NA NA NA NA NA NA NA NA NA NA NA NA NA NA NA NA NA NA NA NA NA NA NA NA NA NA NA NA NA NA NA MR13-1
NA NA NA NA NA NA NA NA NA NA NA NA NA NA NA NA NA NA NA NA NA NA NA NA NA NA NA NA NA NA NA NA NA NA NA NA NA NA NA NA NA NA NA NA NA NA NA NA NA NA NA NA NA NA NA NA NA NA NA NA MR13-1
NA NA NA NA NA NA NA NA NA NA NA NA NA NA NA NA NA NA NA NA NA NA NA NA NA NA NA NA NA NA NA NA NA NA NA NA NA NA NA NA NA NA NA NA NA NA NA NA NA NA NA NA NA NA NA NA NA NA NA NA MR13-1
NA NA NA NA NA NA NA NA NA NA NA NA NA NA NA NA NA NA NA NA NA NA NA NA NA NA NA NA NA NA NA NA NA NA NA NA NA NA NA NA NA NA NA NA NA NA NA NA NA NA NA NA NA NA NA NA NA NA NA NA MR13-1
NA NA NA NA NA NA NA NA NA NA NA NA NA NA NA NA NA NA NA NA NA NA NA NA NA NA NA NA NA NA NA NA NA NA NA NA NA NA NA NA NA NA NA NA NA NA NA NA NA NA NA NA NA NA NA NA NA NA NA NA MR13-1
NA NA NA NA NA NA NA NA NA NA NA NA NA NA NA NA NA NA NA NA NA NA NA NA NA NA NA NA NA NA NA NA NA NA NA NA NA NA NA NA NA NA NA NA NA NA NA NA NA NA NA NA NA NA NA NA NA NA NA NA MR13-1
NA NA NA NA NA NA NA NA NA NA NA NA NA NA NA NA NA NA NA NA NA NA NA NA NA NA NA NA NA NA NA NA NA NA NA NA NA NA NA NA NA NA NA NA NA NA NA NA NA NA NA NA NA NA NA NA NA NA NA NA MR13-1
NA NA NA NA NA NA NA NA NA NA NA NA NA NA NA NA NA NA NA NA NA NA NA NA NA NA NA NA NA NA NA NA NA NA NA NA NA NA NA NA NA NA NA NA NA NA NA NA NA NA NA NA NA NA NA NA NA NA NA NA NA
0 1 1 1 1 1 1 1 0 1 1 1 0 1 1 0 1 0 0 0 0 1 0 0 1 0 0 0 1 1 1 1 1 0 0 0 0 1 1 0 0 1 0 1 0 1 1 0 0 0 0 0 0 0 0 0 0 0 0 0 MR13-3
0 1 1 1 0 1 1 1 0 1 1 1 0 1 1 0 1 0 0 0 1 0 0 0 1 0 0 0 1 1 1 1 1 0 1 1 0 1 1 0 0 1 1 1 0 1 0 0 0 0 0 1 0 1 1 0 0 0 0 0 MR13-3
0 0 1 1 0 1 1 1 0 0 0 0 0 1 1 0 1 0 0 1 0 1 0 0 0 0 0 0 0 1 1 1 1 1 1 0 0 1 0 0 0 1 1 0 1 1 0 0 0 0 0 0 0 1 0 0 0 0 0 0 MR13-3
0 0 1 1 0 0 0 1 0 0 0 1 0 0 1 0 1 1 0 1 1 1 0 0 0 0 0 0 1 1 1 1 1 1 1 1 0 1 0 0 0 1 1 1 0 0 0 0 0 0 0 0 1 1 1 0 0 0 0 0 MR13-3
0 1 1 1 0 1 1 1 0 1 1 1 0 1 1 0 1 0 0 1 0 0 0 0 0 0 0 0 0 1 1 1 1 1 0 1 0 1 0 0 0 1 1 0 1 0 0 0 0 0 0 0 0 0 1 0 0 0 0 0 MR13-3
0 1 1 1 1 1 1 1 0 0 0 0 0 0 1 0 0 1 0 1 1 0 0 0 0 0 0 1 1 1 1 1 1 1 1 1 0 1 0 0 0 1 1 1 0 1 1 0 0 1 1 0 1 1 1 1 0 0 0 0 MR13-3
0 1 1 1 0 1 0 1 0 0 0 1 0 0 1 0 0 1 0 1 1 1 0 0 1 0 1 0 0 1 1 1 1 0 1 1 0 1 0 0 0 1 1 1 1 1 1 0 0 0 1 0 0 1 1 1 0 0 1 0 MR13-3
0 0 1 1 0 0 0 1 1 1 1 0 0 0 1 0 1 1 1 1 0 1 0 0 1 0 0 0 0 1 1 1 1 1 0 1 1 1 0 0 0 1 1 1 0 1 1 0 0 0 1 0 0 1 0 1 0 0 0 1 MR13-3
0 0 1 1 0 1 1 1 0 1 1 0 1 1 1 0 1 1 0 1 1 1 0 0 0 0 1 0 0 1 1 1 1 0 0 1 1 1 1 0 0 1 1 0 0 0 0 0 0 1 0 0 0 0 0 0 0 0 0 0 MR13-3
0 1 1 1 0 1 1 1 0 0 0 1 0 1 1 0 1 1 0 1 0 1 1 0 0 0 0 0 0 0 1 1 1 1 1 1 0 1 0 1 0 1 1 1 0 1 0 0 0 1 0 0 0 0 0 0 0 0 1 0 MR13-3
0 1 1 1 0 1 0 1 1 0 1 1 0 0 1 0 1 1 1 1 0 0 0 0 0 0 1 0 1 1 1 1 1 0 0 1 0 0 0 0 0 0 1 0 1 0 0 0 0 0 0 0 0 0 0 1 0 0 0 0 MR13-3
0 1 1 1 0 0 0 1 0 0 1 1 0 1 1 0 0 1 1 1 0 1 0 0 1 0 1 0 0 1 1 1 1 0 1 1 1 1 0 0 0 1 1 0 0 1 1 0 0 1 0 0 0 1 1 1 0 0 0 0 MR13-3
0 1 1 1 0 0 0 1 0 0 0 1 0 0 1 0 0 0 1 1 0 1 0 0 0 0 0 0 0 1 1 1 1 1 1 1 0 1 1 0 0 1 0 0 0 0 0 0 0 1 1 0 0 0 0 0 0 0 0 0 MR13-3
0 1 1 1 0 1 0 1 0 0 1 0 0 0 1 0 1 0 1 1 0 1 0 0 0 0 0 1 0 1 1 1 1 0 1 1 1 1 1 0 0 0 1 0 1 0 1 0 0 0 0 0 0 0 0 1 0 0 1 0 MR13-3
0 1 1 1 1 1 1 1 0 0 1 0 0 1 1 0 0 1 1 1 0 1 0 0 0 0 1 1 1 1 1 1 0 1 1 1 0 1 1 0 0 0 1 0 0 0 1 0 0 0 0 0 0 0 1 1 0 0 0 0 MR13-3
NA NA NA NA NA NA NA NA NA NA NA NA NA NA NA NA NA NA NA NA NA NA NA NA NA NA NA NA NA NA NA NA NA NA NA NA NA NA NA NA NA NA NA NA NA NA NA NA NA NA NA NA NA NA NA NA NA NA NA NA NA
NA NA NA NA NA NA NA NA NA NA NA NA NA NA NA NA NA NA NA NA NA NA NA NA NA NA NA NA NA NA NA NA NA NA NA NA NA NA NA NA NA NA NA NA NA NA NA NA NA NA NA NA NA NA NA NA NA NA NA NA MR14-1
NA NA NA NA NA NA NA NA NA NA NA NA NA NA NA NA NA NA NA NA NA NA NA NA NA NA NA NA NA NA NA NA NA NA NA NA NA NA NA NA NA NA NA NA NA NA NA NA NA NA NA NA NA NA NA NA NA NA NA NA MR14-1
NA NA NA NA NA NA NA NA NA NA NA NA NA NA NA NA NA NA NA NA NA NA NA NA NA NA NA NA NA NA NA NA NA NA NA NA NA NA NA NA NA NA NA NA NA NA NA NA NA NA NA NA NA NA NA NA NA NA NA NA MR14-1
NA NA NA NA NA NA NA NA NA NA NA NA NA NA NA NA NA NA NA NA NA NA NA NA NA NA NA NA NA NA NA NA NA NA NA NA NA NA NA NA NA NA NA NA NA NA NA NA NA NA NA NA NA NA NA NA NA NA NA NA MR14-1
NA NA NA NA NA NA NA NA NA NA NA NA NA NA NA NA NA NA NA NA NA NA NA NA NA NA NA NA NA NA NA NA NA NA NA NA NA NA NA NA NA NA NA NA NA NA NA NA NA NA NA NA NA NA NA NA NA NA NA NA MR14-1
NA NA NA NA NA NA NA NA NA NA NA NA NA NA NA NA NA NA NA NA NA NA NA NA NA NA NA NA NA NA NA NA NA NA NA NA NA NA NA NA NA NA NA NA NA NA NA NA NA NA NA NA NA NA NA NA NA NA NA NA MR14-1
NA NA NA NA NA NA NA NA NA NA NA NA NA NA NA NA NA NA NA NA NA NA NA NA NA NA NA NA NA NA NA NA NA NA NA NA NA NA NA NA NA NA NA NA NA NA NA NA NA NA NA NA NA NA NA NA NA NA NA NA MR14-1
NA NA NA NA NA NA NA NA NA NA NA NA NA NA NA NA NA NA NA NA NA NA NA NA NA NA NA NA NA NA NA NA NA NA NA NA NA NA NA NA NA NA NA NA NA NA NA NA NA NA NA NA NA NA NA NA NA NA NA NA MR14-1
NA NA NA NA NA NA NA NA NA NA NA NA NA NA NA NA NA NA NA NA NA NA NA NA NA NA NA NA NA NA NA NA NA NA NA NA NA NA NA NA NA NA NA NA NA NA NA NA NA NA NA NA NA NA NA NA NA NA NA NA MR14-1
NA NA NA NA NA NA NA NA NA NA NA NA NA NA NA NA NA NA NA NA NA NA NA NA NA NA NA NA NA NA NA NA NA NA NA NA NA NA NA NA NA NA NA NA NA NA NA NA NA NA NA NA NA NA NA NA NA NA NA NA MR14-1
NA NA NA NA NA NA NA NA NA NA NA NA NA NA NA NA NA NA NA NA NA NA NA NA NA NA NA NA NA NA NA NA NA NA NA NA NA NA NA NA NA NA NA NA NA NA NA NA NA NA NA NA NA NA NA NA NA NA NA NA MR14-1
NA NA NA NA NA NA NA NA NA NA NA NA NA NA NA NA NA NA NA NA NA NA NA NA NA NA NA NA NA NA NA NA NA NA NA NA NA NA NA NA NA NA NA NA NA NA NA NA NA NA NA NA NA NA NA NA NA NA NA NA MR14-1
NA NA NA NA NA NA NA NA NA NA NA NA NA NA NA NA NA NA NA NA NA NA NA NA NA NA NA NA NA NA NA NA NA NA NA NA NA NA NA NA NA NA NA NA NA NA NA NA NA NA NA NA NA NA NA NA NA NA NA NA MR14-1
NA NA NA NA NA NA NA NA NA NA NA NA NA NA NA NA NA NA NA NA NA NA NA NA NA NA NA NA NA NA NA NA NA NA NA NA NA NA NA NA NA NA NA NA NA NA NA NA NA NA NA NA NA NA NA NA NA NA NA NA MR14-1
NA NA NA NA NA NA NA NA NA NA NA NA NA NA NA NA NA NA NA NA NA NA NA NA NA NA NA NA NA NA NA NA NA NA NA NA NA NA NA NA NA NA NA NA NA NA NA NA NA NA NA NA NA NA NA NA NA NA NA NA MR14-1
NA NA NA NA NA NA NA NA NA NA NA NA NA NA NA NA NA NA NA NA NA NA NA NA NA NA NA NA NA NA NA NA NA NA NA NA NA NA NA NA NA NA NA NA NA NA NA NA NA NA NA NA NA NA NA NA NA NA NA NA NA
0 1 1 1 1 1 1 1 0 1 1 1 0 1 1 0 1 0 1 0 1 1 0 0 1 0 0 0 1 1 1 1 1 1 1 1 0 1 1 0 0 1 1 1 0 0 1 0 0 0 0 1 0 0 0 0 0 0 0 0 MR14-3
0 1 1 1 0 1 1 1 0 1 1 1 0 1 1 0 1 0 0 1 1 0 0 0 0 0 0 0 1 1 1 1 1 0 1 0 0 1 1 0 0 0 1 0 0 1 0 0 0 0 0 1 0 0 1 0 0 0 0 0 MR14-3
0 0 1 1 0 0 0 1 0 0 0 1 0 0 1 1 1 1 0 1 1 1 0 0 0 0 0 0 0 1 1 1 1 0 1 1 0 1 0 0 0 1 1 0 1 1 0 1 0 0 0 0 0 0 1 0 0 0 0 0 MR14-3
0 1 1 1 0 0 0 1 0 0 0 1 0 0 1 0 1 0 1 1 1 1 1 0 0 0 1 0 1 1 1 1 1 1 0 1 0 0 0 0 0 0 1 0 1 0 0 1 0 0 0 0 0 0 1 0 0 0 0 0 MR14-3
0 1 1 1 0 0 0 1 0 0 0 1 0 1 1 0 1 1 0 1 1 1 0 0 0 0 1 0 0 1 1 1 0 1 0 1 0 1 0 0 0 1 1 0 0 0 0 0 0 0 0 0 0 0 1 0 0 0 0 0 MR14-3
0 1 1 1 0 0 0 1 0 0 0 1 0 0 1 0 0 1 0 1 0 1 1 0 0 0 0 0 0 1 1 1 0 1 1 1 0 1 0 0 0 1 1 0 1 0 1 0 0 0 0 0 0 0 1 1 0 0 0 0 MR14-3
0 1 1 1 0 1 1 1 0 1 1 1 0 0 1 0 1 1 0 1 1 1 1 0 0 0 1 0 0 1 1 1 1 0 1 1 0 1 0 0 1 1 1 1 0 0 1 0 0 0 0 0 0 0 1 1 0 0 1 0 MR14-3
0 1 1 1 0 1 0 1 0 0 0 1 0 0 1 0 0 1 1 1 1 1 0 0 0 0 0 0 1 1 1 1 0 1 0 1 1 1 0 0 1 1 1 1 0 0 1 1 1 0 0 0 0 0 0 0 0 0 0 0 MR14-3
0 1 1 1 0 0 0 1 0 1 1 1 0 1 1 0 1 1 1 0 1 1 0 0 0 0 1 0 0 1 1 1 1 0 0 1 1 1 0 0 0 1 1 0 0 0 1 1 0 0 0 0 0 0 0 0 0 0 0 0 MR14-3
0 1 1 1 0 1 0 1 0 0 0 1 0 0 1 0 0 1 1 1 1 0 0 0 0 0 1 0 0 1 1 1 1 1 1 1 0 1 0 0 0 1 0 0 0 0 1 0 0 0 0 0 0 0 0 0 1 0 0 0 MR14-3
0 1 1 1 0 0 0 1 0 0 1 0 0 0 1 0 0 1 1 1 1 1 0 0 0 0 1 0 0 1 1 1 1 1 0 1 0 1 0 0 0 1 1 0 0 1 1 0 0 0 0 0 0 0 0 1 1 0 0 0 MR14-3
0 1 1 1 0 0 0 1 0 0 0 1 0 1 1 0 0 1 1 1 0 1 0 0 0 0 1 0 0 1 1 1 0 0 0 1 1 1 0 0 0 1 1 0 0 0 1 0 0 1 0 0 0 0 0 1 0 0 0 0 MR14-3
0 1 1 1 0 0 0 1 0 0 0 1 0 0 1 0 0 1 1 0 0 1 0 0 0 0 0 1 0 1 1 1 0 1 1 1 1 1 1 0 1 1 1 0 0 0 1 0 0 0 0 0 0 1 0 0 1 0 0 0 MR14-3
0 1 1 1 1 1 1 1 0 1 1 0 0 0 1 0 0 1 1 0 0 1 0 0 0 0 1 0 1 1 1 0 1 1 1 1 1 1 0 0 0 0 1 0 0 0 1 1 0 0 0 0 0 0 1 0 1 0 0 0 MR14-3
0 1 1 1 1 0 0 1 0 0 0 1 0 0 1 0 0 1 1 1 0 1 0 0 1 0 0 0 0 1 1 1 1 1 1 1 1 1 0 0 0 1 0 0 0 0 1 0 0 0 0 0 0 1 0 0 0 0 0 0 MR14-3
NA NA NA NA NA NA NA NA NA NA NA NA NA NA NA NA NA NA NA NA NA NA NA NA NA NA NA NA NA NA NA NA NA NA NA NA NA NA NA NA NA NA NA NA NA NA NA NA NA NA NA NA NA NA NA NA NA NA NA NA NA
NA NA NA NA NA NA NA NA NA NA NA NA NA NA NA NA NA NA NA NA NA NA NA NA NA NA NA NA NA NA NA NA NA NA NA NA NA NA NA NA NA NA NA NA NA NA NA NA NA NA NA NA NA NA NA NA NA NA NA NA MR15-1
NA NA NA NA NA NA NA NA NA NA NA NA NA NA NA NA NA NA NA NA NA NA NA NA NA NA NA NA NA NA NA NA NA NA NA NA NA NA NA NA NA NA NA NA NA NA NA NA NA NA NA NA NA NA NA NA NA NA NA NA MR15-1
NA NA NA NA NA NA NA NA NA NA NA NA NA NA NA NA NA NA NA NA NA NA NA NA NA NA NA NA NA NA NA NA NA NA NA NA NA NA NA NA NA NA NA NA NA NA NA NA NA NA NA NA NA NA NA NA NA NA NA NA MR15-1
NA NA NA NA NA NA NA NA NA NA NA NA NA NA NA NA NA NA NA NA NA NA NA NA NA NA NA NA NA NA NA NA NA NA NA NA NA NA NA NA NA NA NA NA NA NA NA NA NA NA NA NA NA NA NA NA NA NA NA NA MR15-1
NA NA NA NA NA NA NA NA NA NA NA NA NA NA NA NA NA NA NA NA NA NA NA NA NA NA NA NA NA NA NA NA NA NA NA NA NA NA NA NA NA NA NA NA NA NA NA NA NA NA NA NA NA NA NA NA NA NA NA NA MR15-1
NA NA NA NA NA NA NA NA NA NA NA NA NA NA NA NA NA NA NA NA NA NA NA NA NA NA NA NA NA NA NA NA NA NA NA NA NA NA NA NA NA NA NA NA NA NA NA NA NA NA NA NA NA NA NA NA NA NA NA NA MR15-1
NA NA NA NA NA NA NA NA NA NA NA NA NA NA NA NA NA NA NA NA NA NA NA NA NA NA NA NA NA NA NA NA NA NA NA NA NA NA NA NA NA NA NA NA NA NA NA NA NA NA NA NA NA NA NA NA NA NA NA NA MR15-1
NA NA NA NA NA NA NA NA NA NA NA NA NA NA NA NA NA NA NA NA NA NA NA NA NA NA NA NA NA NA NA NA NA NA NA NA NA NA NA NA NA NA NA NA NA NA NA NA NA NA NA NA NA NA NA NA NA NA NA NA MR15-1
NA NA NA NA NA NA NA NA NA NA NA NA NA NA NA NA NA NA NA NA NA NA NA NA NA NA NA NA NA NA NA NA NA NA NA NA NA NA NA NA NA NA NA NA NA NA NA NA NA NA NA NA NA NA NA NA NA NA NA NA MR15-1
NA NA NA NA NA NA NA NA NA NA NA NA NA NA NA NA NA NA NA NA NA NA NA NA NA NA NA NA NA NA NA NA NA NA NA NA NA NA NA NA NA NA NA NA NA NA NA NA NA NA NA NA NA NA NA NA NA NA NA NA MR15-1
NA NA NA NA NA NA NA NA NA NA NA NA NA NA NA NA NA NA NA NA NA NA NA NA NA NA NA NA NA NA NA NA NA NA NA NA NA NA NA NA NA NA NA NA NA NA NA NA NA NA NA NA NA NA NA NA NA NA NA NA MR15-1
NA NA NA NA NA NA NA NA NA NA NA NA NA NA NA NA NA NA NA NA NA NA NA NA NA NA NA NA NA NA NA NA NA NA NA NA NA NA NA NA NA NA NA NA NA NA NA NA NA NA NA NA NA NA NA NA NA NA NA NA MR15-1
NA NA NA NA NA NA NA NA NA NA NA NA NA NA NA NA NA NA NA NA NA NA NA NA NA NA NA NA NA NA NA NA NA NA NA NA NA NA NA NA NA NA NA NA NA NA NA NA NA NA NA NA NA NA NA NA NA NA NA NA MR15-1
NA NA NA NA NA NA NA NA NA NA NA NA NA NA NA NA NA NA NA NA NA NA NA NA NA NA NA NA NA NA NA NA NA NA NA NA NA NA NA NA NA NA NA NA NA NA NA NA NA NA NA NA NA NA NA NA NA NA NA NA MR15-1
NA NA NA NA NA NA NA NA NA NA NA NA NA NA NA NA NA NA NA NA NA NA NA NA NA NA NA NA NA NA NA NA NA NA NA NA NA NA NA NA NA NA NA NA NA NA NA NA NA NA NA NA NA NA NA NA NA NA NA NA MR15-1
NA NA NA NA NA NA NA NA NA NA NA NA NA NA NA NA NA NA NA NA NA NA NA NA NA NA NA NA NA NA NA NA NA NA NA NA NA NA NA NA NA NA NA NA NA NA NA NA NA NA NA NA NA NA NA NA NA NA NA NA NA
0 1 1 1 1 1 1 1 0 1 1 1 1 0 1 0 1 0 0 0 0 1 1 0 0 1 0 0 1 1 1 1 1 0 0 0 0 1 1 1 0 0 1 0 0 0 0 0 0 0 0 0 0 0 0 0 0 0 0 0 MR15-3
0 1 1 1 1 0 0 0 0 0 0 0 0 1 1 0 1 1 0 1 1 0 0 0 0 0 0 0 1 1 1 1 1 1 1 0 0 1 1 0 0 0 0 0 0 0 0 0 0 0 0 0 0 0 1 0 0 0 0 0 MR15-3
0 0 1 1 0 0 0 1 0 0 0 1 0 0 1 0 0 1 0 0 1 0 1 0 0 0 0 0 1 1 1 1 1 1 1 0 0 1 1 1 0 0 0 0 0 0 0 0 0 0 0 0 1 1 0 0 0 0 0 0 MR15-3
0 1 1 1 0 0 0 1 1 0 0 0 0 1 1 1 1 0 0 0 1 1 1 0 0 0 0 0 1 1 1 1 1 1 0 0 0 0 1 1 0 0 1 0 0 1 0 0 1 0 0 0 0 0 0 0 0 0 0 0 MR15-3
0 1 1 1 1 1 1 1 1 0 0 1 1 0 1 1 1 0 0 0 1 1 1 0 0 0 0 0 1 0 1 1 1 1 0 0 0 0 1 1 0 0 1 0 0 0 0 0 0 0 0 0 0 0 0 0 0 0 0 0 MR15-3
0 1 1 1 1 1 1 1 1 0 1 0 0 0 1 0 1 0 0 0 0 1 1 0 0 0 0 0 1 0 1 1 1 1 0 0 0 1 1 1 0 0 1 0 0 0 0 0 0 0 0 0 0 0 0 0 0 0 0 0 MR15-3
0 1 1 1 1 0 1 1 1 0 0 1 1 0 1 0 1 0 0 1 1 1 1 0 0 0 1 0 1 1 1 1 1 0 0 1 0 1 1 0 0 0 1 0 0 1 0 0 0 0 0 0 0 1 1 0 0 0 0 0 MR15-3
0 1 1 1 0 1 0 1 1 0 0 1 1 0 1 0 1 0 0 1 1 1 0 0 0 0 0 0 1 0 1 1 1 1 0 0 0 0 0 1 0 0 1 1 0 1 0 0 0 0 0 0 0 0 1 0 0 0 1 0 MR15-3
0 0 1 1 1 1 1 1 1 1 1 1 0 0 1 0 1 0 0 0 1 1 0 0 0 0 1 0 1 0 1 1 1 1 1 0 0 1 1 0 0 0 1 0 0 1 0 0 0 0 0 0 0 0 1 0 0 0 0 0 MR15-3
0 0 1 1 0 1 1 1 1 1 1 1 0 0 1 0 1 0 0 0 1 1 0 0 0 0 0 0 1 0 1 1 1 1 0 0 0 1 0 1 0 0 0 0 0 0 1 0 0 0 0 0 0 0 0 0 0 0 1 0 MR15-3
0 1 1 1 1 1 0 1 1 1 1 1 0 0 1 0 1 0 0 1 1 1 0 0 0 0 0 0 1 1 1 1 1 0 0 0 0 0 1 0 0 0 1 0 0 0 0 0 0 0 0 0 0 0 0 0 0 0 0 0 MR15-3
0 1 1 1 1 1 1 1 0 0 0 1 0 0 1 0 1 0 0 0 0 1 0 0 0 0 0 0 1 0 1 1 1 0 0 0 0 0 0 0 0 0 1 0 0 0 1 0 0 0 0 0 0 0 1 0 0 0 1 0 MR15-3
0 0 1 1 0 1 1 1 1 1 1 1 0 0 1 0 0 0 0 0 1 1 0 0 0 0 0 1 1 0 1 1 1 1 0 1 0 0 0 1 0 0 1 0 0 0 1 0 0 0 0 0 0 0 0 0 0 0 0 0 MR15-3
0 1 1 1 1 1 1 1 0 1 1 1 0 1 1 0 1 1 0 0 1 0 0 0 0 0 1 0 1 0 1 1 1 0 0 1 0 0 0 0 0 0 1 0 0 0 0 0 0 0 0 0 0 0 0 0 0 0 1 0 MR15-3
1 1 0 1 1 1 1 0 1 0 0 0 1 0 0 0 0 0 0 0 0 0 1 0 0 0 1 0 1 1 1 1 1 1 0 1 0 0 1 0 0 0 0 0 0 0 1 0 0 0 0 0 0 0 0 0 0 0 1 0 MR15-3
